 0.53634252000000E+08 0.10422217900943E+18 0.10438596259233E+18
 0.26817126000000E+08 0.10434501669660E+18 0.10438601510668E+18
 0.13408563000000E+08 0.10437576550416E+18 0.10438601843024E+18
 0.67042815000000E+07 0.10438345519872E+18 0.10438601863864E+18
 0.33521407500000E+07 0.10438537777866E+18 0.10438601865167E+18
 0.16760703750000E+07 0.10438585843342E+18 0.10438601865249E+18
 0.83803518750000E+06 0.10438597859772E+18 0.10438601865254E+18
 0.41901759375000E+06 0.10438600863883E+18 0.10438601865254E+18
 0.20950879687500E+06 0.10438601614911E+18 0.10438601865254E+18
 0.10475439843750E+06 0.10438601802668E+18 0.10438601865254E+18
 0.52377199218750E+05 0.10438601849608E+18 0.10438601865254E+18
 0.26188599609375E+05 0.10438601861343E+18 0.10438601865254E+18
 0.13094299804688E+05 0.10438601864276E+18 0.10438601865254E+18
 0.65471499023438E+04 0.10438601865010E+18 0.10438601865254E+18
 0.32735749511719E+04 0.10438601865193E+18 0.10438601865254E+18
 0.16367874755859E+04 0.10438601865239E+18 0.10438601865254E+18
 0.81839373779297E+03 0.10438601865250E+18 0.10438601865254E+18
 0.40919686889648E+03 0.10438601865253E+18 0.10438601865254E+18
 0.20459843444824E+03 0.10438601865254E+18 0.10438601865254E+18


 0.53634252000000E+08 0.10433136806470E+18
 0.26817126000000E+08 0.10437234896999E+18
 0.13408563000000E+08 0.10438260078822E+18
 0.67042815000000E+07 0.10438516415867E+18
 0.33521407500000E+07 0.10438580502733E+18
 0.16760703750000E+07 0.10438596524613E+18
 0.83803518750000E+06 0.10438600530093E+18
 0.41901759375000E+06 0.10438601531464E+18
 0.20950879687500E+06 0.10438601781807E+18
 0.10475439843750E+06 0.10438601844392E+18
 0.52377199218750E+05 0.10438601860039E+18
 0.26188599609375E+05 0.10438601863950E+18
 0.13094299804688E+05 0.10438601864928E+18
 0.65471499023438E+04 0.10438601865173E+18
 0.32735749511719E+04 0.10438601865234E+18
 0.16367874755859E+04 0.10438601865249E+18
 0.81839373779297E+03 0.10438601865253E+18
 0.40919686889648E+03 0.10438601865254E+18
