   0.0000000000000000        49.899999999999999        49.599999999999994        49.299999999999997        49.000000000000000     
   1.0000000000000000E-002   49.828223708908567        49.498513443836657        49.164395381062576        48.826165645117470     
   2.0000000000000000E-002   49.613104643399886        49.194495927038673        48.758412336106844        48.306097400906474     
   2.9999999999999999E-002   49.255271699906018        48.689272958057721        48.084542312932498        47.444100270964370     
   4.0000000000000001E-002   48.755771289484400        47.985050644913592        47.146934867128380        46.247352682746104     
   5.0000000000000003E-002   48.116064736769559        47.084911386518272        45.951394977071395        44.725917631747222     
   5.9999999999999998E-002   47.338024687310394        45.992808483499218        44.505382789805239        42.892771737970534     
   7.0000000000000007E-002   46.423930576878604        44.713560419241972        42.818020096103787        40.763869506719537     
   8.0000000000000002E-002   45.376463239355715        43.252845957552964        40.900110452734637        38.358272015562044     
   8.9999999999999997E-002   44.198698760376828        41.617201791843527        38.764184094829005        35.698389784553221     
  0.10000000000000001        42.894101726173005        39.814025390663680        36.424585869066469        32.810426192458692     
  0.11000000000000000        41.466518077540186        37.851587138501166        33.897636717492560        29.725174672680360     
  0.12000000000000000        39.920167868122014        35.739058266898354        31.201921256039967        26.479446350551473     
  0.13000000000000000        38.259638361721315        33.486565142006789        28.358794535770617        23.118628109908727     
  0.14000000000000001        36.489878114914333        31.105287614008894        25.393277525555877        19.701235680585832     
  0.14999999999999999        34.616193030883835        28.607632078857169        22.335656641513186        16.306701544546794     
  0.16000000000000000        32.644245931934087        26.007534214687773        19.224374949036147        13.046887484416176     
  0.17000000000000001        30.580062156456311        23.320993695840585        16.111255718305298        10.075304232365502     
  0.17999999999999999        28.430045379415787        20.567038618876616        13.070520048780189        7.5684090242738664     
  0.19000000000000000        26.201010966019950        17.769514932112749        10.211626742706365        5.6463759159824329     
  0.20000000000000001        23.900250139166516        14.960505454351196        7.6856064538296174        4.2890930441889061     
  0.20999999999999999        21.535650293861163        12.186964456766429        5.6492902755955727        3.3670082436883284     
  0.22000000000000000        19.115922574755047        9.5230887531563155        4.1680243646274100        2.7385636921776779     
  0.23000000000000001        16.651046841425213        7.0884468723001675        3.1645481743218573        2.2994421889322290     
  0.23999999999999999        14.153190263788840        5.0501096826304464        2.4966617600041028        1.9831060106524490     
  0.25000000000000000        11.638752042192383        3.5451508261109295        2.0432136546474968        1.7486381780071447     
  0.26000000000000001        9.1333735859780170        2.5537039069592784        1.7247565277535788        1.5706545110163610     
  0.27000000000000002        6.6856154173962175        1.9287205985191891        1.4932509572184305        1.4330035214534789     
  0.28000000000000003        4.4066681901028817        1.5270185503138389        1.3197769465455185        1.3251034749649619     
  0.28999999999999998        2.5538246672521825        1.2570698118723813        1.1864925405870590        1.2398261946284492     
  0.29999999999999999        1.4251485094407197        1.0671024636998609        1.0820214950140503        1.1722533108553250     
  0.31000000000000000       0.88595604388407123       0.92796910254691234       0.99886522368505837        1.1189268552740472     
  0.32000000000000001       0.62183477612304117       0.82267585141575594       0.93192860563464563        1.0773859775899339     
  0.33000000000000002       0.47467200710014801       0.74086696228724769       0.87765675428079248        1.0458739979471794     
  0.34000000000000002       0.38305192828463763       0.67595521530275171       0.83351378169688317        1.0231501510025964     
  0.34999999999999998       0.32121736823993441       0.62358629121772680       0.79765853496175154        1.0083680472585748     
  0.35999999999999999       0.27697601164724617       0.58078404764223990       0.76873731974596993        1.0009985746367711     
  0.37000000000000000       0.24392270027662732       0.54545517993312131       0.74574827698413415        1.0007842173441333     
  0.38000000000000000       0.21840225198683072       0.51609106605887689       0.72795100224770337        1.0077175471073971     
  0.39000000000000001       0.19818776919516345       0.49158203286376434       0.71480563032607591        1.0220406098862895     
  0.40000000000000002       0.18184958013398855       0.47109806604795068       0.70593176535957269        1.0442651159589396     
  0.40999999999999998       0.16842991615368597       0.45401011101121824       0.70108132184467564        1.0752165043934916     
  0.41999999999999998       0.15726422809590268       0.43983693445165528       0.70012163454509135        1.1161088487513489     
  0.42999999999999999       0.14787771872411071       0.42820853972356332       0.70302669974306653        1.1686632013770435     
  0.44000000000000000       0.13992270098582082       0.41884059052593869       0.70987548108226406        1.2352909515858670     
  0.45000000000000001       0.13313920749389396       0.41151634783931712       0.72085707711192981        1.3193789597156815     
  0.46000000000000002       0.12732940057527742       0.40607387497301772       0.73628337291557600        1.4257399452320030     
  0.46999999999999997       0.12234047248075441       0.40239704978610291       0.75661074264640149        1.5613399553854670     
  0.47999999999999998       0.11805293550903073       0.40040943065124779       0.78247362420110989        1.7365038103464503     
  0.48999999999999999       0.11437243047916823       0.40007036376947980       0.81473463158965487        1.9669633025507558     
  0.50000000000000000       0.11122388991839927       0.40137296071039330       0.85455876472092385        2.2774003187572767     
  0.51000000000000001       0.10854731340913659       0.40434375904165165       0.90352402533574860        2.7075505550775407     
  0.52000000000000002       0.10629467025183814       0.40904403503921927       0.96378881919868320        3.3220531976108925     
  0.53000000000000003       0.10442760647569571       0.41557288905159950        1.0383506781347265        4.2226957383265278     
  0.54000000000000004       0.10291573737907100       0.42407239346400161        1.1314563945292804        5.5495044400919458     
  0.55000000000000004       0.10173537534055299       0.43473530656460824        1.2492710802802396        7.4353900722530355     
  0.56000000000000005       0.10086858881490102       0.44781614899310895        1.4010035124036548        9.9092901188636215     
  0.56999999999999995       0.10030252029437037       0.46364686778114361        1.6008563423225617        12.857805820766984     
  0.57999999999999996       0.10002891364928956       0.48265896536519293        1.8714846392613502        16.105009105823836     
  0.58999999999999997       0.10004381794105299       0.50541499799146905        2.2501365510207352        19.494980623047994     
  0.59999999999999998       0.10034744772758941       0.53265401289365855        2.7989024517254126        22.913507547046684     
  0.60999999999999999       0.10094419061542226       0.56535827094628033        3.6177833811178410        26.279558385309613     
  0.62000000000000000       0.10184276255513325       0.60485337304098863        4.8449342146846597        29.533615958819972     
  0.63000000000000000       0.10305652117293107       0.65296236673573205        6.6038780873997842        32.629656638098183     
  0.64000000000000001       0.10460395833167979       0.71224991286466199        8.9027995959829553        35.530439595301317     
  0.65000000000000002       0.10650940634981509       0.78642202771025005        11.617014318304257        38.204857319131477     
  0.66000000000000003       0.10880400948578384       0.88100484974359716        14.583661426167765        40.626456903521543     
  0.67000000000000004       0.11152703570905587        1.0045437432225643        17.671924219320829        42.772614323937965     
  0.68000000000000005       0.11472763685170762        1.1708090917447533        20.791729746991194        44.624074923624534     
  0.68999999999999995       0.11846721328403476        1.4029974215274468        23.881526556725898        46.164701382852435     
  0.69999999999999996       0.12282261077502454        1.7418158013526028        26.897069326677794        47.381339825450183     
  0.70999999999999996       0.12789048609629816        2.2599692077304940        29.804489895834930        48.263752654631816     
  0.71999999999999997       0.13379334759388684        3.0798197776982228        32.576410231299988        48.804587955017311     
  0.72999999999999998       0.14068804776576016        4.3595700934547139        35.189797638251385        48.999367609684128     
  0.73999999999999999       0.14877794861777005        6.1869739256571679        37.624771634354417        48.846483770629554     
  0.75000000000000000       0.15833072893644129        8.4792468463979347        39.863931926919250        48.347198232222269     
  0.76000000000000001       0.16970510603605682        11.065950589832926        41.891977069939138        47.505642894990771     
  0.77000000000000002       0.18339209844384641        13.805277291432311        43.695488766776641        46.328822736051656     
  0.78000000000000003       0.20008088545253955        16.606503819392483        45.262812234353639        44.826626250198487     
  0.79000000000000004       0.22076805607528804        19.413320662327134        46.583992774332238        43.011853026383470     
  0.80000000000000004       0.24694723235114679        22.188561127639311        47.650745065903436        40.900275208899608     
  0.81000000000000005       0.28095639740792144        24.905522564357007        48.456440981171383        38.510761154129000     
  0.81999999999999995       0.32665655660745152        27.543469095828190        48.996107164819122        35.865509445541235     
  0.82999999999999996       0.39086571780261714        30.085300133391819        49.266426924398004        32.990476753138282     
  0.83999999999999997       0.48668913187569096        32.516309496001014        49.265743076158230        29.916147477771649     
  0.84999999999999998       0.64214780276695782        34.823505005008634        48.994059808996248        26.678912085715147     
  0.85999999999999999       0.92487549319904971        36.995226139924526        48.453042679385042        23.323536868080243     
  0.87000000000000000        1.5085289008315015        39.020925989827205        47.646016739465594        19.907564086754107     
  0.88000000000000000        2.7149527884115763        40.891046754819705        46.577963690178066        16.508870249374660     
  0.89000000000000001        4.6287971779191119        42.596949941892959        45.255520002878043        13.237007024124640     
  0.90000000000000002        6.9339362791785257        44.130879128044597        43.686979373062130        10.243023352497747     
  0.91000000000000003        9.3912100933648741        45.485942257967032        41.882304972929184        7.7036031300037964     
  0.92000000000000004        11.899202319884882        46.656105559601301        39.853160282137978        5.7453366161482684     
  0.93000000000000005        14.412890628881932        47.636194133350386        37.612972731039292        4.3570728935864542     
  0.93999999999999995        16.907996003481134        48.421896052050997        35.177053702873316        3.4130175369108109     
  0.94999999999999996        19.368713864412200        49.009767909279169        32.562814858679104        2.7702533829983071     
  0.95999999999999996        21.783170522476865        49.397240455331421        29.790150569995422        2.3219228533480969     
  0.96999999999999997        24.141548755877551        49.582623424072509        26.882111872252345        1.9995418166052357     
  0.97999999999999998        26.435238291734365        49.565108974440975        23.866103084550279        1.7609752048463569     
  0.98999999999999999        28.656421579969724        49.344773405765274        20.776033015100936        1.5801140700353251     
   1.0000000000000000        30.797860995558597        48.922576993856758        17.656213635356270        1.4403742449871473     
   1.0100000000000000        32.852786097576320        48.300361962070582        14.568308327555268        1.3309095848102572     
   1.0200000000000000        34.814833547985593        47.480848770640108        11.602568347036200        1.2444253703425900     
   1.0300000000000000        36.678016053714913        46.467631101475106        8.8900285272039845        1.1758949173513926     
   1.0400000000000000        38.436707874332043        45.265170162574933        6.5935961514712753        1.1217874985633323     
   1.0500000000000000        40.085640006413527        43.878789276620559        4.8374850079126084        1.0795917566907676     
   1.0600000000000001        41.619901070824554        42.314670215082700        3.6127563126206312        1.0475147109922318     
   1.0700000000000001        43.034941522760306        40.579853495782402        2.7955609103930712        1.0242884689817053     
   1.0800000000000001        44.326579709711709        38.682246055047180        2.2478667678876256        1.0090454142475487     
   1.0900000000000001        45.491008834822942        36.630641647240488        1.8698888738543964        1.0012388689599696     
   1.1000000000000001        46.524804206075061        34.434762581596488        1.5996950583848584        1.0005957702588759     
   1.1100000000000001        47.424930353496649        32.105337042881452        1.4001325579096360        1.0070938311218924     
   1.1200000000000001        48.188747726227867        29.654236320215048        1.2486014359951891        1.0209597001754354     
   1.1299999999999999        48.814018766883891        27.094714918538081        1.1309312280353812        1.0426878440525087     
   1.1399999999999999        49.298913218859951        24.441832303528223        1.0379324824716001        1.0730830200285837     
   1.1499999999999999        49.642012563021567        21.713206157274534       0.96345208179721453        1.1133330338344329     
   1.1599999999999999        49.842313509850676        18.930392903420586       0.90325092989100142        1.1651239662218487     
   1.1699999999999999        49.899230495532557        16.121494976782550       0.85433659244871407        1.2308187637567549     
   1.1799999999999999        49.812597148278101        13.326204772942598       0.81455414252652503        1.3137347838683482     
   1.1899999999999999        49.582666706176624        10.605479314804995       0.78232802136009738        1.4185816827730449     
   1.2000000000000000        49.210111381388828        8.0579317559558916       0.75649499361268724        1.5521676552393338     
   1.2100000000000000        48.696020678601840        5.8341625258978667       0.73619375739164639        1.7245678631281809     
   1.2200000000000000        48.041898689396234        4.1000681387925288       0.72079088176743156        1.9511069597340711     
   1.2300000000000000        47.249660399636930        2.9099065300128473       0.70983079370863322        2.2557862979086920     
   1.2400000000000000        46.321627065594896        2.1531542124734901       0.70300227307409457        2.6771961474641817     
   1.2500000000000000        45.260520738164985        1.6731255118424508       0.70011680154187061        3.2781249695153960     
   1.2600000000000000        44.069458046102866        1.3567653040158261       0.70109595175626538        4.1578465830537334     
   1.2700000000000000        42.751943392999330        1.1382259814910984       0.70596625522336609        5.4546993622034732     
   1.2800000000000000        41.311861785596072       0.98065097486343156       0.71486093089282576        7.3045586065321668     
   1.2900000000000000        39.753471604129508       0.86290677932034576       0.72802868144474431        9.7450193953106723     
   1.3000000000000000        38.081397767129765       0.77235083467607701       0.74585062875309660        12.669800836454307     
   1.3100000000000001        36.300625964994801       0.70107922003190204       0.76886753235881500        15.903822069806393     
   1.3200000000000001        34.416498993951222       0.64394657140779010       0.79782094212443511        19.288819373096747     
   1.3300000000000001        32.434716814608691       0.59748228296319539       0.83371423417927204        22.708189897715947     
   1.3400000000000001        30.361342974094757       0.55927270685820929       0.87790317345996272        26.079259341164416     
   1.3500000000000001        28.202821830705680       0.52759492575498967       0.93223182048004105        29.341480219114967     
   1.3600000000000001        25.966014340740678       0.50119172811569968       0.99924026300957536        32.448175437316110     
   1.3700000000000001        23.658266572751884       0.47912883266054251        1.0824896335916261        35.361665097966537     
   1.3799999999999999        21.287538117249710       0.46070169364679359        1.1870846326913789        38.050522386112874     
   1.3899999999999999        18.862645557554991       0.44537314830163055        1.3205390255134244        40.488041949058584     
   1.3999999999999999        16.393740733835216       0.43273081266859137        1.4942539292031238        42.651384632953409     
   1.4099999999999999        13.893304834071252       0.42245746882246138        1.7261133623260818        44.521101311403655     
   1.4199999999999999        11.378381191073963       0.41431022378587912        2.0451099980541692        46.080871378387542     
   1.4299999999999999        8.8761066096896926       0.40810574916451969        2.4994076240704146        47.317363466163613     
   1.4399999999999999        6.4389710246215337       0.40370985816339555        3.1686465533578358        48.220165270625273     
   1.4500000000000000        4.1889510609240173       0.40103028180114109        4.1741822398726729        48.781751348297760     
   1.4600000000000000        2.4010449296050407       0.40001190603690873        5.6581559508097534        48.997470457698661     
   1.4700000000000000        1.3481848136545436       0.40063400784976366        7.6972260974460545        48.865541721512969     
   1.4800000000000000       0.84980089089335342       0.40290923187177441        10.225346805588829        48.387053909312144     
   1.4900000000000000       0.60269848456171848       0.40688421378235873        13.085504387724679        47.565965827900122     
   1.5000000000000000       0.46322296361932658       0.41264190747537910        16.126844288555358        46.409109039186120     
   1.5100000000000000       0.37554676937985665       0.42030583218218354        19.240116639534278        44.926197632627165     
   1.5200000000000000       0.31596209532846498       0.43004664724533370        22.351243513029395        43.129854381328400     
   1.5300000000000000       0.27311328487895103       0.44209171718554785        25.408487923278884        41.035669504159131     
   1.5400000000000000       0.24097771697767634       0.45673869379871590        28.373458492908075        38.662319462951437     
   1.5500000000000000       0.21609264669738160       0.47437468777241421        31.215901174221589        36.031792417444876     
   1.5600000000000001       0.19633579900047771       0.49550345040929145        33.910816714507938        33.169801050068273     
   1.5700000000000001       0.18033809254798783       0.52078434465909140        36.436865850129500        30.106525600321135     
   1.5800000000000001       0.16717872188056049       0.55108912424970669        38.775476410727123        26.877944606016026     
   1.5900000000000001       0.15621668728198479       0.58758634004101395        40.910338002381657        23.528219369919608     
   1.6000000000000001       0.14699275601009987       0.63186984107996835        42.827115253113810        20.113945808512497     
   1.6100000000000001       0.13916985700092610       0.68615985315284966        44.513286807404597        16.711486683181420     
   1.6200000000000001       0.13249546447010374       0.75362759664257872        45.958057673087261        13.428126107602015     
   1.6299999999999999       0.12677708442915048       0.83893799757303533        47.152314472069975        10.412408432573104     
   1.6399999999999999       0.12186582996422146       0.94919258596995526        48.088605410352159        7.8409578284585413     
   1.6499999999999999       0.11764514721597052        1.0956354790735006        48.761133851515950        5.8464077504675069     
   1.6599999999999999       0.11402291267145159        1.2968608647920998        49.165758592151143        4.4266697030376365     
   1.6699999999999999       0.11092579229070054        1.5849908834214617        49.299996551383018        3.4601091077731505     
   1.6799999999999999       0.10829515268960677        2.0172745283028997        49.163025293860215        2.8026379667897121     
   1.6899999999999999       0.10608405991353465        2.6939739086293284        48.755684007918362        2.3448535868265949     
   1.7000000000000000       0.10425505581953942        3.7652365931216689        48.080472508215060        2.0162776493722863     
   1.7100000000000000       0.10277850171743097        5.3661057382121031        47.141548702444183        1.7735192459831506     
   1.7200000000000000       0.10163134465966195        7.4852692910924858        45.944725910926337        1.5897214507375086     
   1.7300000000000000       0.10079620615144336        9.9704154821196536        44.497472633898738        1.4478539932210666     
   1.7400000000000000       0.10026072376603423        12.660247433660437        42.808919075305887        1.3367985726270319     
   1.7500000000000000       0.10001709803747971        15.444234017676974        40.889877357620655        1.2490893748922822     
   1.7600000000000000       0.10006181320584773        18.254080123762407        38.752886597759428        1.1795886563820481     
   1.7700000000000000       0.10039551302544680        21.046085491969908        36.412301121100434        1.1246912328665708     
   1.7800000000000000       0.10102302342623304        23.789944562239072        33.884452424937500        1.0818341654464732     
   1.7900000000000000       0.10195352351964360        26.462826604586311        31.187937583317371        1.0491874811870296     
   1.8000000000000000       0.10320087629976626        29.046323581289599        28.344127456854689        1.0254557134073146     
   1.8100000000000001       0.10478414147167214        31.524845253483736        25.378064770050571        1.0097497342843162     
   1.8200000000000001       0.10672830639828135        33.884749705420170        22.320068378769871        1.0015051303974225     
   1.8300000000000001       0.10906528886097533        36.113859216543418        19.208633165808184        1.0004332098103959     
   1.8400000000000001       0.11183528955839961        38.201185459169430        16.095668912839027        1.0064968201428712     
   1.8500000000000001       0.11508860660348219        40.136772367653634        13.055540232987305        1.0199072804933209     
   1.8600000000000001       0.11888807429356874        41.911607115135794        10.197915102669246        1.0411419662970758     
   1.8700000000000001       0.12331236304968840        43.517571384627573        7.6739994628465542        1.0709852139854270     
   1.8799999999999999       0.12846049131140447        44.947416774209259        5.6404390655105585        1.1105989742722997     
   1.8899999999999999       0.13445807805046428        46.194754640840785        4.1618787662217080        1.1616349952415952     
   1.8999999999999999       0.14146614922645639        47.254054394309776        3.1604582568014181        1.2264087719510783     
   1.9099999999999999       0.14969377926438554        48.120646446357000        2.4939212511974764        1.3081697196975455     
   1.9199999999999999       0.15941664001391409        48.790727358146029        2.0413206764694358        1.4115269431741417     
   1.9299999999999999       0.17100491288981168        49.261365571184314        1.7234018642615947        1.5431349310253530     
   1.9399999999999999       0.18496652799820268        49.530506654692331        1.4922494378016751        1.7128262104428718     
   1.9500000000000000       0.20201643532681146        49.596977373627212        1.3190158759831832        1.9355304398867439     
   1.9600000000000000       0.22319201398006250        49.460488146733063        1.1859011729560383        2.2345895015505022     
   1.9700000000000000       0.25005442064169081        49.121633667758523        1.0815538932962934        2.6474831488058470     
   1.9800000000000000       0.28505966747665035        48.581891635861417       0.99849059346762203        3.2351967369884242     
   1.9900000000000000       0.33228908678906155        47.843619706906594       0.93162571060227606        4.0945112775342585     
   2.0000000000000000       0.39900671605249727        46.910050958001762       0.87741059112187614        5.3619363437151630     
   2.0099999999999998       0.49931521285239633        45.785288378594139       0.83331353886241999        7.1759246892867905     
   2.0200000000000000       0.66373934642719323        44.474299197159695       0.79749630331836485        9.5825296764314363     
   2.0299999999999998       0.96682877733604977        42.982910274906494       0.76860725737391533        12.482911772817472     
   2.0400000000000000        1.5987757819431110        41.317806430754572       0.74564605676245677        15.703170179022623     
   2.0499999999999998        2.8841768524716755        39.486534546220469       0.72787344096079210        19.082772826876713     
   2.0600000000000001        4.8549419948431556        37.497517880365216       0.71475043805691740        22.502690154581739     
   2.0699999999999998        7.1837669972732705        35.360087644817334       0.70589737752261073        25.878560540297098     
   2.0800000000000001        9.6495470720236955        33.084543363954943       0.70106679060604193        29.148776448232304     
   2.0899999999999999        12.159697604914538        30.682261437447863       0.70012656556382780        32.265990016006434     
   2.1000000000000001        14.672385068870442        28.165885717729559       0.70305122642390927        35.192072572896862     
   2.1099999999999999        17.164573380751076        25.549661119113861       0.70992027324798102        37.895272587627026     
   2.1200000000000001        19.621007600680802        22.850024576838734       0.72092338513095555        40.348629237183147     
   2.1299999999999999        22.030088665495892        20.086675709313361       0.73637311264450034        42.529086554638042     
   2.1400000000000001        24.382153341530721        17.284573808402858       0.75672663190742995        44.417000019948659     
   2.1499999999999999        26.668687972985960        14.477769928547273       0.78261938904189421        45.995865249834381     
   2.1600000000000001        28.881942655644764        11.716835602257602       0.81491531203623424        47.252173138919282     
   2.1699999999999999        31.014732192760466        9.0824457945031636       0.85478116814160288        48.175336564077824     
   2.1800000000000002        33.060330443297474        6.7034577698761773       0.90379740626028493        48.757656510856307     
   2.1899999999999999        35.012414083671665        4.7504483634092498       0.96412591743236220        48.994308600930140     
   2.2000000000000002        36.865033716600394        3.3406991769928851        1.0387693412119887        48.883338925654613     
   2.2100000000000000        38.612600635275712        2.4242898824783312        1.1319821828588044        48.425663230865318     
   2.2200000000000002        40.249882747571327        1.8466734231547646        1.2499415765259627        47.625067238137063     
   2.2300000000000000        41.772005898180140        1.4728740430351888        1.4018756728709718        46.488209126969629     
   2.2400000000000002        43.174458327036092        1.2196081051478211        1.6020193955667317        45.024628671838357     
   2.2500000000000000        44.453096857933730        1.0400552101509053        1.8730830991610823        43.246772035647382     
   2.2599999999999998        45.604153916017282       0.90773794721094170        2.2524105759365529        41.170047930205840     
   2.2700000000000000        46.624244780013967       0.80710422717131536        2.8022507626763984        38.812941719108238     
   2.2799999999999998        47.510374667572904       0.72860423336869395        3.6228208339671819        36.197232598025508     
   2.2900000000000000        48.259945376088382       0.66612080477176505        4.8523972128088229        33.348391888977410     
   2.2999999999999998        48.870761283537881       0.61558550440304849        6.6141740754192213        30.296300373207416     
   2.3100000000000001        49.341034569878985       0.57420288678494202        8.9155812841202824        27.076533088598282     
   2.3199999999999998        49.669389558952041       0.53999788423809747        11.631466618052315        23.732661422728814     
   2.3300000000000001        49.854866109561684       0.51154167711064247        14.599017525668398        20.320361227588812     
   2.3399999999999999        49.896922006243301       0.48777997781844462        17.687635545686689        16.914522900950889     
   2.3500000000000001        49.795434317667528       0.46792220313376731        20.807425680775175        13.620206902550882     
   2.3599999999999999        49.550699705425657       0.45136804563123079        23.896948120339157        10.583419864890210     
   2.3700000000000001        49.163433679364836       0.43765771369893613        26.912024019525639        7.9804563821825028     
   2.3799999999999999        48.634768808769735       0.42643757142032968        29.818825768519659        5.9496088121571473     
   2.3900000000000001        47.966251912539761       0.41743606546037171        32.590001567724130        4.4979178392087622     
   2.3999999999999999        47.159840267226699       0.41044670478879297        35.202537033464409        3.5083115803784235     
   2.4100000000000001        46.217896890813059       0.40531601001763917        37.636565555990892        2.8357363089120931     
   2.4199999999999999        45.143184984439458       0.40193507491105862        39.874698201521355        2.3682460041478244     
   2.4300000000000002        43.938861646876433       0.40023385508706966        41.901643455940615        2.0333206406580899     
   2.4399999999999999        42.608471021937355       0.40017761885426140        43.703992153364261        1.7862747765974074     
   2.4500000000000002        41.155937104429256       0.40176522395306336        45.270098205730832        1.5994795439198413     
   2.4600000000000000        39.585556527339087       0.40502906129646732        46.590015387811476        1.4554446886113439     
   2.4700000000000002        37.901991801232526       0.41003666057171628        47.655466753193387        1.3427717507067385     
   2.4800000000000000        36.110265709647166       0.41689410557797046        48.459832517389998        1.2538191235980349     
   2.4900000000000002        34.215757940234937       0.42575158207935715        48.998147670762620        1.1833351765694218     
   2.5000000000000000        32.224205656987998       0.43681160515683715        49.267103880631183        1.1276385216991649     
   2.5099999999999998        30.141710793863020       0.45034078507303477        49.265052336018357        1.0841135344027215     
   2.5200000000000000        27.974758764241322       0.46668645001534514        48.992005603613308        1.0508925398182605     
   2.5299999999999998        25.730256827420426       0.48630014803877941        48.449637612562839        1.0266520380365698     
   2.5400000000000000        23.415607228909288       0.50977116457764282        47.641281774623778        1.0104810971427263     
   2.5499999999999998        21.038844268085594       0.53787500681806932        46.571928136304940        1.0017973923022012     
   2.5600000000000001        18.608894871669051       0.57164484884457067        45.248221512472639        1.0002965156737353     
   2.5699999999999998        16.136092959710272       0.61247918636017040        43.678463973604693        1.0059264385002962     
   2.5800000000000001        13.633256130620339       0.66230831731647299        41.872627166515088        1.0188832134996062     
   2.5899999999999999        11.118126411249861       0.72385953730795016        39.842383269013467        1.0396272717341581     
   2.6000000000000001        8.6194842461244718       0.80109393825378206        37.601168848132652        1.0689227822057568     
   2.6099999999999999        6.1941867625654030       0.89995304124381548        35.164305229704112        1.1079062425515538     
   2.6200000000000001        3.9760669449578341        1.0296870896512100        32.549215452584434        1.1581956905665152     
   2.6299999999999999        2.2567793001519472        1.2053149219993839        29.775807794183354        1.2220601348212803     
   2.6400000000000001        1.2771806767276965        1.4523295754514489        26.867151660086485        1.3026825662549193     
   2.6499999999999999       0.81616526151910973        1.8157197207883682        23.850677708659312        1.4045739770260504     
   2.6600000000000001       0.58464680904860966        2.3756428330460304        20.760335491604113        1.5342391695668507     
   2.6699999999999999       0.45230454520701269        3.2635802571001058        17.640503803083252        1.7012748357690146     
   2.6800000000000002       0.36833300488213272        4.6358836086092463        14.552958243665877        1.9202273849896354     
   2.6899999999999999       0.31088190333159282        6.5538358679943993        11.588128724036494        2.2137996153237882     
   2.7000000000000002       0.26936328029680467        8.9092178923601644        8.8772680997667059        2.6183947307951101     
   2.7100000000000000       0.23810932770106596        11.530834239734764        6.5833282772320834        3.1932422876704001     
   2.7200000000000002       0.21383737160206095        14.286112011125820        4.8300495807906012        4.0326556766766943     
   2.7300000000000000       0.19452373899683906        17.091635290005676        3.6077396087200482        5.2711896406570604     
   2.7400000000000002       0.17885678753306777        19.895284378565872        2.7922261229758227        7.0494960806168585     
   2.7500000000000000       0.16595092292981661        22.662167231723004        2.2456012165861736        9.4218577008072089     
   2.7599999999999998       0.15518767047092119        25.366851883088394        1.8682957969881375        12.297178272221050     
   2.7700000000000000       0.14612273673095544        27.989356026452480        1.5985355401722821        15.503083787345892     
   2.7799999999999998       0.13842927090891521        30.513060413157667        1.3992628071726791        18.876862329095154     
   2.7900000000000000       0.13186193031694060        32.923592480051447        1.2479326422522341        22.297023592846259     
   2.7999999999999998       0.12623339110215426        35.208211294181496        1.1304066824385988        25.677473480671907     
   2.8100000000000001       0.12139856786627234        37.355460772955468        1.0375147535828582        28.955513755265045     
   2.8199999999999998       0.11724375683881760        39.354971661687443       0.96311570478041375        32.083107880193467     
   2.8300000000000001       0.11367901032421912        41.197348642547752       0.90297811960607888        35.021668361443020     
   2.8399999999999999       0.11063268429045436        42.874107405416055       0.85411465109222462        37.739113345106595     
   2.8500000000000001       0.10804748048656876        44.377641531979307       0.81437384467545826        40.208223406105134     
   2.8599999999999999       0.10587753805150868        45.701207259833865       0.78218258039187205        42.405724019705730     
   2.8700000000000001       0.10408627704221729        46.838918841283110       0.75637938471237831        44.311774313485870     
   2.8799999999999999       0.10264479164371210        47.785749926725771       0.73610426600417966        45.909685616175913     
   2.8900000000000001       0.10153065387522631        48.537538038227368       0.72072479904914033        47.185770827644731     
   2.8999999999999999       0.10072703127712401        49.090990214764787       0.70978621109556883        48.129267888148647     
   2.9100000000000001       0.10022205167449627        49.443688562235181       0.70297794640013223        48.732304166520024     
   2.9199999999999999       0.10000836928833223        49.594094874993161       0.70011206655086156        48.989882134189457     
   2.9300000000000002       0.10008290221339422        49.541553798159292       0.70111068035085111        48.899874848868365     
   2.9399999999999999       0.10044672364197282        49.286294224805431       0.70600084713803568        48.463025033523920     
   2.9500000000000002       0.10110509965045367        48.829428804651442       0.71491633979680458        47.682945332208696     
   2.9600000000000000       0.10206767603614608        48.172951606903112       0.72810647860986677        46.566120572596539     
   2.9700000000000002       0.10334882662633404        47.319734151532131       0.74595311214985216        45.121916299730465     
   2.9800000000000000       0.10496818675607855        46.273520224085161       0.76899789532182794        43.362602262748624     
   2.9900000000000002       0.10695140951297333        45.038920148845079       0.79798352495398461        41.303406068125895     
   3.0000000000000000       0.10933120060039059        43.621405557225977       0.83391489650920647        38.962622748218337     
   3.0099999999999998       0.11214871275385718        42.027306220984435       0.87814984893196879        36.361823942873919     
   3.0200000000000000       0.11545541630169254        40.263811336388784       0.93253535551627209        33.526242150045718     
   3.0299999999999998       0.11931561453525674        38.338978940433222       0.99961571197514942        30.485463233545403     
   3.0400000000000000       0.12380985043220605        36.261759258492390        1.0829583098019100        27.274666868224116     
   3.0499999999999998       0.12903957041806535        34.042041355181979        1.1876774504194625        23.936849085341443     
   3.0600000000000001       0.13513359738423958        31.690738676395711        1.3213021146544719        20.526791129476422     
   3.0699999999999998       0.14225726448076514        29.219940249443596        1.4952583565649213        17.117951541615248     
   3.0800000000000001       0.15062555443391190        26.643175123104982        1.7274723725895189        13.813212101957069     
   3.0899999999999999       0.16052242629783464        23.975877808804103        2.0470097144094126        10.756017579740917     
   3.1000000000000001       0.17232998007378875        21.236222836735095        2.5021588560894186        8.1220799385083673     
   3.1099999999999999       0.18657378322729024        18.446662047890662        3.1727534123721775        6.0549574822187342     
   3.1200000000000001       0.20399576075555537        15.636842517154800        4.1803524098854368        4.5708515406603842     
   3.1299999999999999       0.22567617212571456        12.849263103741364        5.6670360926294272        3.5576541622109481     
   3.1400000000000001       0.25324753512958686        10.150025852662342        7.7088583756245033        2.8695678116433712     
   3.1499999999999999       0.28929135668549222        7.6461749347532111        10.239075269311083        2.3921120703181966     
   3.1600000000000001       0.33812502610949302        5.4962210170779437        13.100493233058987        2.0506781314547418     
   3.1699999999999999       0.40749497122809863        3.8572448721488155        16.142434612285768        1.7992463957332863     
   3.1800000000000002       0.51259491681214620        2.7529777568319420        19.255858229596399        1.6093913150622008     
   3.1899999999999999       0.68672197072580587        2.0544417206177652        22.366828987755103        1.4631482999516372     
   3.2000000000000002        1.0121117100732293        1.6091911965367771        25.423695958938282        1.3488304610140496     
   3.2100000000000000        1.6963177927825197        1.3133783876046987        28.388119324791020        1.2586155514006165     
   3.2200000000000002        3.0611705423753177        1.1074220764042906        31.229877334928592        1.1871351399320531     
   3.2300000000000000        5.0847337902176175       0.95792469449179052        33.923992413446229        1.1306298380309343     
   3.2400000000000002        7.4349563590965833       0.84560730102550252        36.449141062065486        1.0864302010210700     
   3.2500000000000000        9.9083208678870669       0.75884741861755423        38.786763543496107        1.0526301234442528     
   3.2599999999999998        12.420205499402940       0.69032559393501103        40.920560004843850        1.0278776008487043     
   3.2700000000000000        14.931653579474963       0.63524593641939830        42.836204544843326        1.0112395961876750     
   3.2799999999999998        17.420764543613409       0.59035534048170035        44.521184685421446        1.0021156913065852     
   3.2900000000000000        19.872792177281852       0.55338051797216181        45.964713997912312        1.0001856707635852     
   3.2999999999999998        22.276394716685481       0.52269211668942361        47.157687516419543        1.0053826139905517     
   3.3100000000000001        24.622054902394101       0.49709713859954974        48.092661799836698        1.0178873658474537     
   3.3199999999999998        26.901351729758517       0.47570655057670308        48.763848553720599        1.0381435543078297     
   3.3300000000000001        29.106600882460810       0.45784847766360315        49.167114926913492        1.0668954269740922     
   3.3399999999999999        31.230668495672901       0.44300989783228317        49.299986205532633        1.1052544197287446     
   3.3500000000000001        33.266872143763209       0.43079667379744535        49.161648330757515        1.1548054663442038     
   3.3599999999999999        35.208928217718515       0.42090570253988702        48.752948867376645        1.2177720284487066     
   3.3700000000000001        37.050925079653886       0.41310528337616148        48.076395996838272        1.2972721486980028     
   3.3799999999999999        38.787311015890403       0.40722121015915747        47.136155978867841        1.3977210752946760     
   3.3900000000000001        40.412890861697420       0.40312696834950401        45.938050475714732        1.5254778221525065     
   3.3999999999999999        41.922827734585951       0.40073697961752330        44.489556340961386        1.6899098286479699     
   3.4100000000000001        43.312647726334504       0.40000221047722917        42.799812192213821        1.9051916155543189     
   3.4199999999999999        44.578246212768953       0.40090772220721504        40.879638718758606        2.1934066259753244     
   3.4300000000000002        45.715894919112245       0.40347193406689286        38.741583921477300        2.5899145457607702     
   3.4399999999999999        46.722249171020884       0.40774753239247019        36.400011608456786        3.1522360206296405     
   3.4500000000000002        47.594354945112840       0.41382410883216636        33.871263839381939        3.9722458498988491     
   3.4600000000000000        48.329655451476405       0.42183277389696272        31.173950158989697        5.1824322126557201     
   3.4700000000000002        48.925997059503032       0.43195319194628823        28.329457259639579        6.9252782175993453     
   3.4800000000000000        49.381634432312637       0.44442375368901565        25.362849661049189        9.2630392216137363     
   3.4900000000000002        49.695234773110343       0.45955599154102700        22.304478730371113        12.112640336723299     
   3.5000000000000000        49.865881114676249       0.47775493068261454        19.192891297570533        15.303593864244185     
   3.5099999999999998        49.893074604470826       0.49954798668294842        16.080083883483013        18.671109684470096     
   3.5200000000000000        49.776735754937405       0.52562649854124643        13.040564957139052        22.091205778573379     
   3.5299999999999998        49.517204643179639       0.55690643439631771        10.184211907497140        25.476009840976502     
   3.5400000000000000        49.115240057537790       0.59461898319261763        7.6624051425053077        28.761701366511339     
   3.5499999999999998        48.572017601743511       0.64044909120243965        5.6316023189644104        31.899536617579923     
   3.5600000000000001        47.889126781321373       0.69675335537110605        4.1557454266882186        34.850458866822947     
   3.5699999999999998        47.068567112888338       0.76691382100481498        3.1563767823565865        37.582050130779123     
   3.5800000000000001        46.112743316463366       0.85593327800102159        2.4911860849871408        40.066829138660061     
   3.5899999999999999        45.024459675923367       0.97147669609532628        2.0394310558200699        42.281301000107902     
   3.6000000000000001        43.806913686410098        1.1257686786377690        1.7220493672515147        44.205427495678883     
   3.6099999999999999        42.463689154572236        1.3391814492197822        1.4912493681504682        45.822335134930682     
   3.6200000000000001        40.998748985566401        1.6471510850871978        1.3182558120628247        47.118158554395293     
   3.6299999999999999        39.416427992062012        2.1129629014055076        1.1853105286502306        48.081960633969999     
   3.6400000000000001        37.721426215662362        2.8459847407929244        1.0810868276669687        48.705695077046514     
   3.6499999999999999        35.918803495478848        4.0015052742902375       0.99811637182426338        48.984191190211902     
   3.6600000000000001        34.013976414357145        5.6979282535664817       0.93132313500574782        48.915148994894537     
   3.6699999999999999        32.012719413875658        7.8929656052253678       0.87716468371104384        48.499138191879837     
   3.6800000000000002        29.921173008427978        10.423693474625891       0.83311350547656104        47.739598354673625     
   3.6899999999999999        27.745864065102005        13.136231977211644       0.79733424704692979        46.642840987607293     
   3.7000000000000002        25.493746906069475        15.928675877643737       0.76847734513341592        45.218057487234944     
   3.7100000000000000        23.172281374365369        18.738083553924398       0.74554396800766654        43.477341376487573     
   3.7200000000000002        20.789579166616775        21.523681763614505       0.72779599752615098        41.435739542161748     
   3.7300000000000000        18.354682823525156        24.256772007902182       0.71469535404580498        39.111357424035617     
   3.7400000000000002        15.878119270704341        26.915451165104638       0.70586309168853845        36.525560464684460     
   3.7500000000000000        13.373066956714403        29.481885076091793       0.70105235803040244        33.703344786605555     
   3.7599999999999998        10.858026801013548        31.940867837697354       0.70013159460145857        30.674005720356316     
   3.7700000000000000        8.3635882901483178        34.279037280260745       0.70307585313356213        27.472335433108334     
   3.7799999999999998        5.9514650907652111        36.484436385269298       0.70996517023740680        24.140768660931904     
   3.7900000000000000        3.7684583712423949        38.546263782643308       0.72098980587291805        20.733216692594496     
   3.7999999999999998        2.1210979711826554        40.454731120732511       0.73646297664707561        17.321745819204189     
   3.8100000000000001        1.2116831153039935        42.200982563914565       0.75684266148986623        14.007104945872756     
   3.8199999999999998       0.78482742055285160        43.777051152954321       0.78276531600961619        10.930161140659536     
   3.8300000000000001       0.56759628782386784        45.175837264142700       0.81509618403786988        8.2658075994992188     
   3.8399999999999999       0.44188238161421811        46.391100262893303       0.85500380294383049        6.1624695394951452     
   3.8500000000000001       0.36139462505960207        47.417457826155896       0.90407107298512202        4.6455048348755064     
   3.8599999999999999       0.30596850473013326        48.250389417850812       0.96446337694657913        3.6081666312017999     
   3.8700000000000001       0.26572133025888256        48.886241634074210        1.0391884723443106        2.9041524246307935     
   3.8799999999999999       0.23531472122738961        49.322233914625329        1.1325085939643298        2.4164641110477429     
   3.8900000000000001       0.21163463983483233        49.556463628100019        1.2506129261540071        2.0683576787946674     
   3.8999999999999999       0.19275040245252306        49.587909886584391        1.4027490415330206        1.8124388302323737     
   3.9100000000000001       0.17740484784539490        49.416435697881951        1.6031842217076093        1.6194598065823502     
   3.9199999999999999       0.16474593921419434        49.042788259733982        1.8746842595211763        1.4709668436839625     
   3.9300000000000002       0.15417675527924857        48.468597370544003        2.2546888526114079        1.3549760759673966     
   3.9399999999999999       0.14526734661819063        47.696372097774741        2.8056058589800541        1.2634796133383617     
   3.9500000000000002       0.13770070455732508        46.729496030804206        3.6278686909245348        1.1909892221840330     
   3.9600000000000000       0.13123842174454126        45.572221676087779        4.8598740139009751        1.1336656644774159     
   3.9700000000000002       0.12569817769121983        44.229664865667871        6.6244841058276052        1.0887845098028102     
   3.9800000000000000       0.12093857359279880        42.707800501607366        8.9283735696153954        1.0544004739749866     
   3.9900000000000002       0.11684867494146545        41.013461640198734        11.645925226520566        1.0291325640950966     
   4.0000000000000000       0.11334065200187737        39.154344985709507        14.614376612250148        1.0120253284033645     
