  6.28318530717958661E-003  1.69094135058702397E-002   2.6701905718249899     
  1.25663706143591732E-002  3.39338968153287471E-002   2.6881418401675017     
  1.88495559215387590E-002  5.10689304501492011E-002   2.7053762557905658     
  2.51327412287183465E-002  6.83100404697288277E-002   2.7219010145409048     
  3.14159265358979339E-002  8.56527978256034911E-002   2.7377232101062661     
  3.76991118430775179E-002  0.10309281772374081        2.7528498352490560     
  4.39822971502571020E-002  0.12062575899455785        2.7672877830315357     
  5.02654824574366929E-002  0.13824732347061083        2.7810438480327275     
  5.65486677646162700E-002  0.15595325537190532        2.7941247275571617     
  6.28318530717958679E-002  0.17373934069877608        2.8065370228355855     
  6.91150383789754380E-002  0.19160140663228611        2.8182872402177694     
  7.53982236861550359E-002  0.20953532094209629        2.8293817923575504     
  8.16814089933346199E-002  0.22753699140175634        2.8398269993902177     
  8.79645943005142039E-002  0.24560236521137108        2.8496290901023995     
  9.42477796076937879E-002  0.26372742842759267        2.8587942030945541     
  0.10053096491487339       0.28190820540089545        2.8673283879362046     
  0.10681415022205297       0.30014075822008662        2.8752376063140459     
  0.11309733552923254       0.31842118616400866        2.8825277331730454     
  0.11938052083641214       0.33674562516039058        2.8892045578506678     
  0.12566370614359174       0.35511024725180335        2.8952737852043460     
  0.13194689145077132       0.37351126006868074        2.9007410367323319     
  0.13823007675795088       0.39194490630936030        2.9056118516880383     
  0.14451326206513049       0.41040746322710814        2.9098916881880124     
  0.15079644737231007       0.42889524212408386        2.9135859243136544     
  0.15707963267948966       0.44740458785221027        2.9166998592068087     
  0.16336281798666924       0.46593187832090710        2.9192387141593543     
  0.16964600329384882       0.48447352401165422        2.9212076336969051     
  0.17592918860102841       0.50302596749934392        2.9226116866567695     
  0.18221237390820802       0.52158568298038988        2.9234558672602571     
  0.18849555921538758       0.54014917580755750        2.9237450961794842     
  0.19477874452256716       0.55871298203147857        2.9234842215987809     
  0.20106192982974677       0.57727366794881974        2.9226780202708378     
  0.20734511513692636       0.59582782965707159        2.9213311985676955     
  0.21362830044410594       0.61437209261592418        2.9194483935267104     
  0.21991148575128555       0.63290311121520160        2.9170341738916155     
  0.22619467105846508       0.65141756834932041        2.9140930411487971     
  0.23247785636564469       0.66991217499824807        2.9106294305589011     
  0.23876104167282428       0.68838366981492616        2.9066477121838941     
  0.24504422698000386       0.70682881871913483        2.9021521919097046     
  0.25132741228718347       0.72524441449776977        2.8971471124645505     
  0.25761059759436306       0.74362727641150317        2.8916366544330869     
  0.26389378290154264       0.76197424980780748        2.8856249372664764     
  0.27017696820872217       0.78028220574030871        2.8791160202885209     
  0.27646015351590175       0.79854804059445628        2.8721139036979570     
  0.28274333882308139       0.81676867571947331        2.8646225295670389     
  0.28902652413026098       0.83494105706657218        2.8566457828365315     
  0.29530970943744056       0.85306215483341408        2.8481874923072255     
  0.30159289474462014       0.87112896311478616        2.8392514316281012     
  0.30787608005179973       0.88913849955947477        2.8298413202812402     
  0.31415926535897931       0.90708780503332520        2.8199608245636338     
  0.32044245066615890       0.92497394328845384        2.8096135585659714     
  0.32672563597333848       0.94279400063860630        2.7988030851485535     
  0.33300882128051806       0.96054508564063734        2.7875329169144329     
  0.33929200658769765       0.97822432878209842        2.7758065171799031     
  0.34557519189487723       0.99582888217491472        2.7636273009424577     
  0.35185837720205682        1.0133559192551376        2.7509986358463299     
  0.35814156250923646        1.0308026344887569        2.7379238431457336     
  0.36442474781641604        1.0481662430835590        2.7244061986659256     
  0.37070793312359557        1.0654439807070175        2.7104489337621991     
  0.37699111843077515        1.0826331032102054        2.6960552362769352     
  0.38327430373795474        1.0997308863577124        2.6812282514948160     
  0.38955748904513432        1.1167346255635631        2.6659710830963381     
  0.39584067435231396        1.1336416356331185        2.6502867941097161     
  0.40212385965949354        1.1504492505109563        2.6341784078613162     
  0.40840704496667313        1.1671548230347188        2.6176489089247297     
  0.41469023027385271        1.1837557246949226        2.6007012440685933     
  0.42097341558103230        1.2002493454007170        2.5833383232032947     
  0.42725660088821188        1.2166330932515919        2.5655630203266626     
  0.43353978619539146        1.2329043943150237        2.5473781744687640     
  0.43982297150257110        1.2490606924100567        2.5287865906359324     
  0.44610615680975058        1.2650994488968128        2.5097910407541382     
  0.45238934211693016        1.2810181424719329        2.4903942646118127     
  0.45867252742410974        1.2968142689699340        2.4705989708022682     
  0.46495571273128938        1.3124853411704920        2.4504078376657996     
  0.47123889803846897        1.3280288886116471        2.4298235142316091     
  0.47752208334564855        1.3434424574089205        2.4088486211596636     
  0.48380526865282814        1.3587236100803568        2.3874857516826071     
  0.49008845396000772        1.3738699253774820        2.3657374725478393     
  0.49637163926718730        1.3888789981221852        2.3436063249598886     
  0.50265482457436694        1.4037484390495201        2.3210948255231898     
  0.50893800988154647        1.4184758746564370        2.2982054671853964     
  0.51522119518872611        1.4330589470564417        2.2749407201813359     
  0.52150438049590564        1.4474953138401887        2.2513030329777295     
  0.52778756580308528        1.4617826479420164        2.2272948332188114     
  0.53407075111026492        1.4759186375124260        2.2029185286729387     
  0.54035393641744434        1.4899009857965113        2.1781765081803446     
  0.54663712172462398        1.5037274110183545        2.1530711426021276     
  0.55292030703180350        1.5173956462713796        2.1276047857706231     
  0.55920349233898314        1.5309034394146930        2.1017797754412522     
  0.56548667764616278        1.5442485529754051        2.0755984342459937     
  0.57176986295334231        1.5574287640569497        2.0490630706485868     
  0.57805304826052195        1.5704418642534161        2.0221759799015859     
  0.58433623356770148        1.5832856595698939        1.9949394450053972     
  0.59061941887488112        1.5959579703488611        1.9673557376694253     
  0.59690260418206065        1.6084566312026087        1.9394271192754300     
  0.60318578948924029        1.6207794909517388        1.9111558418432402     
  0.60946897479641993        1.6329244125697271        1.8825441489989412     
  0.61575216010359946        1.6448892731335862        1.8535942769456568     
  0.62203534541077909        1.6566719637806355        1.8243084554370486     
  0.62831853071795862        1.6682703896713973        1.7946889087536730     
  0.63460171602513826        1.6796824699586399        1.7647378566822987     
  0.64088490133231779        1.6909061377625825        1.7344575154983302     
  0.64716808663949732        1.7019393401522853        1.7038500989514505     
  0.65345127194667696        1.7127800381332468        1.6729178192546246     
  0.65973445725385649        1.7234262066412207        1.6416628880765716     
  0.66601764256103613        1.7338758345422891        1.6100875175378468     
  0.67230082786821577        1.7441269246392004        1.5781939212106677     
  0.67858401317539530        1.7541774936840091        1.5459843151225894     
  0.68486719848257493        1.7640255723970306        1.5134609187641854     
  0.69115038378975446        1.7736692054921419        1.4806259561008470     
  0.69743356909693410        1.7831064517084607        1.4474816565888347     
  0.70371675440411363        1.7923353838484137        1.4140302561957230     
  0.70999993971129327        1.8013540888222401        1.3802739984253469     
  0.71628312501847291        1.8101606676989466        1.3462151353474117     
  0.72256631032565244        1.8187532357637513        1.3118559286318761     
  0.72884949563283208        1.8271299225820394        1.2771986505882493     
  0.73513268094001161        1.8352888720698706        1.2422455852099423     
  0.74141586624719114        1.8432282425710622        1.2069990292237907     
  0.74769905155437077        1.8509462069408893        1.1714612931449115     
  0.75398223686155030        1.8584409526364249        1.1356347023370048     
  0.76026542216872994        1.8657106818135685        1.0995215980782336     
  0.76654860747590947        1.8727536114307850        1.0631243386328613     
  0.77283179278308911        1.8795679733596009        1.0264453003287244     
  0.77911497809026864        1.8861520145018873       0.98948687864072560     
  0.78539816339744828        1.8925039969139765       0.95225148928046122     
  0.79168134870462792        1.8986221979376410       0.91474156929214301     
  0.79796453401180745        1.9045049103379801       0.87695957815492886     
  0.80424771931898709        1.9101504424482645       0.83890799889182976     
  0.81053090462616662        1.9155571183217548       0.80058933918531761     
  0.81681408993334625        1.9207232778905658       0.76200613249978133     
  0.82309727524052578        1.9256472771316022       0.72316093921098856     
  0.82938046054770542        1.9303274882396144       0.68405634774267154     
  0.83566364585488506        1.9347622998074210       0.64469497571039858     
  0.84194683116206459        1.9389501170133459       0.60507947107289217     
  0.84823001646924423        1.9428893618159069       0.56521251329089051     
  0.85451320177642376        1.9465784731558229       0.52509681449377110     
  0.86079638708360340        1.9500159071653689       0.48473512065401669     
  0.86707957239078293        1.9532001373851391       0.44413021276972930     
  0.87336275769796257        1.9561296549882718       0.40328490805528761     
  0.87964594300514221        1.9588029690121762       0.36220206114036202     
  0.88592912831232162        1.9612186065978288       0.32088456527738396     
  0.89221231361950115        1.9633751132366755       0.27933535355764993     
  0.89849549892668079        1.9652710530252184       0.23755740013620485     
  0.90477868423386032        1.9669050089273135       0.19555372146569017     
  0.91106186954103996        1.9682755830442613       0.15332737753924652     
  0.91734505484821949        1.9693813968927336       0.11088147314270147     
  0.92362824015539913        1.9702210916905996       6.82191591161500632E-002
  0.92991142546257877        1.9707933286507140       2.53436336251136041E-002
  0.93619461076975830        1.9710967892827207      -1.77418565585747423E-002
  0.94247779607693793        1.9711301757029351      -6.10340147660033416E-002
  0.94876098138411746        1.9708922109523817      -0.10452949313034043     
  0.95504416669129710        1.9703816393230218      -0.14822489127580685     
  0.96132735199847663        1.9695972266922690      -0.19211675499623659     
  0.96761053730565627        1.9685377608658363      -0.23620157492311655     
  0.97389372261283591        1.9672020519289795      -0.28047578518290806     
  0.98017690792001544        1.9655889326062308      -0.32493576204347185     
  0.98646009322719508        1.9636972586296604      -0.36957782254947569     
  0.99274327853437461        1.9615259091157529      -0.41439822314655306     
  0.99902646384155425        1.9590737869509649      -0.45939315829409111     
   1.0053096491487339        1.9563398191860426      -0.50455875906644598     
   1.0115928344559133        1.9533229574391604      -0.54989109174243511     
   1.0178760197630929        1.9500221783079636      -0.59538615638290437     
   1.0241592050702726        1.9464364837905936      -0.64103988539621559     
   1.0304423903774522        1.9425649017157578      -0.68684814209147982     
   1.0367255756846319        1.9384064861819399      -0.73280671921932639     
   1.0430087609918113        1.9339603180058138      -0.77891133750007047     
   1.0492919462989909        1.9292255051799521      -0.82515764413908199     
   1.0555751316061706        1.9242011833399040      -0.87154121132913831     
   1.0618583169133502        1.9188865162407303      -0.91805753473963581     
   1.0681415022205298        1.9132806962430651      -0.96470203199244997     
   1.0744246875277093        1.9073829448088111       -1.0114700411242290     
   1.0807078728348887        1.9011925130065386       -1.0583568190349815     
   1.0869910581420683        1.8947086820266681       -1.1053575399227515     
   1.0932742434492480        1.8879307637065494       -1.1524672937041562     
   1.0995574287564276        1.8808581010655083       -1.1996810844206500     
   1.1058406140636070        1.8734900688499387       -1.2469938286302877     
   1.1121237993707866        1.8658260740885808       -1.2944003537848054     
   1.1184069846779663        1.8578655566580100       -1.3418953965917941     
   1.1246901699851459        1.8496079898584898       -1.3894736013618165     
   1.1309733552923256        1.8410528810002535       -1.4371295183402379     
   1.1372565405995050        1.8321997720003191       -1.4848576020235456     
   1.1435397259066846        1.8230482399899268       -1.5326522094600401     
   1.1498229112138643        1.8135978979327241       -1.5805075985345565     
   1.1561060965210439        1.8038483952537616       -1.6284179262371743     
   1.1623892818282235        1.7937994184794317       -1.6763772469155742     
   1.1686724671354030        1.7834506918884465       -1.7243795105108717     
   1.1749556524425826        1.7728019781739361       -1.7724185607767975     
   1.1812388377497622        1.7618530791168203       -1.8204881334818532     
   1.1875220230569419        1.7506038362705005       -1.8685818545943924     
   1.1938052083641213        1.7390541316570431       -1.9166932384502986     
   1.2000883936713009        1.7272038884749181       -1.9648156859031052     
   1.2063715789784806        1.7150530718184123       -2.0129424824562832     
   1.2126547642856602        1.7026016894088540       -2.0610667963775491     
   1.2189379495928399        1.6898497923377322       -2.1091816767949112     
   1.2252211349000193        1.6767974758218525       -2.1572800517742254     
   1.2315043202071989        1.6634448799706136       -2.2053547263781148     
   1.2377875055143785        1.6497921905655673       -2.2533983807059057     
   1.2440706908215582        1.6358396398523345       -2.3014035679144467     
   1.2503538761287378        1.6215875073450361       -2.3493627122195484     
   1.2566370614359172        1.6070361206433379       -2.3972681068777932     
   1.2629202467430969        1.5921858562622375       -2.4451119121484899     
   1.2692034320502765        1.5770371404747354       -2.4928861532355628     
   1.2754866173574562        1.5615904501674962       -2.5405827182090870     
   1.2817698026646356        1.5458463137096352       -2.5881933559062542     
   1.2880529879718150        1.5298053118347597       -2.6357096738115717     
   1.2943361732789946        1.5134680785364132       -2.6831231359159222     
   1.3006193585861743        1.4968353019770277       -2.7304250605544000     
   1.3069025438933539        1.4799077254105277       -2.7776066182225394     
   1.3131857292005336        1.4626861481187465       -2.8246588293707577     
   1.3194689145077130        1.4451714263617532       -2.8715725621767287     
   1.3257520998148926        1.4273644743422584       -2.9183385302954670     
   1.3320352851220723        1.4092662651842314       -2.9649472905868004     
   1.3383184704292519        1.3908778319258688       -3.0113892408200273     
   1.3446016557364315        1.3722002685270571       -3.0576546173554982     
   1.3508848410436110        1.3532347308914880       -3.1037334928028075     
   1.3571680263507906        1.3339824379035552       -3.1496157736553654     
   1.3634512116579702        1.3144446724801979       -3.1952911979011072     
   1.3697343969651499        1.2946227826378378       -3.2407493326089813     
   1.3760175822723293        1.2745181825745522       -3.2859795714910365     
   1.3823007675795089        1.2541323537676485       -3.3309711324398190     
   1.3885839528866886        1.2334668460868083       -3.3757130550406798     
   1.3948671381938682        1.2125232789229188       -3.4201941980589279     
   1.4011503235010478        1.1913033423327979       -3.4644032369013513     
   1.4074335088082273        1.1698087981999430       -3.5083286610519178     
   1.4137166941154069        1.1480414814114799       -3.5519587714813383     
   1.4199998794225865        1.1260033010514701       -3.5952816780302461     
   1.4262830647297662        1.1036962416107652       -3.6382852967656083     
   1.4325662500369458        1.0811223642135346       -3.6809573473101680     
   1.4388494353441252        1.0582838078606800       -3.7232853501445931     
   1.4451326206513049        1.0351827906902649       -3.7652566238819745     
   1.4514158059584845        1.0118216112552194       -3.8068582825144697     
   1.4576989912656642       0.98820264981836126       -3.8480772326316863     
   1.4639821765728436       0.96432836966504776       -3.8889001706105786     
   1.4702653618800232       0.94020131843353105       -3.9293135797764998     
   1.4765485471872026       0.91582412946329561       -3.9693037275351100     
   1.4828317324943823       0.89119952316147166       -4.0088566624748196     
   1.4891149178015619       0.86633030838756719       -4.0479582114394628     
   1.4953981031087415       0.84121938385669570       -4.0865939765708630     
   1.5016812884159210       0.81586973956147835       -4.1247493323209561     
   1.5079644737231006       0.79028445821282500       -4.1624094224332140     
   1.5142476590302802       0.76446671669976363       -4.1995591568929163     
   1.5205308443374599       0.73841978756858195       -4.2361832088460423     
   1.5268140296446395       0.71214704052137190       -4.2722660114864244     
   1.5330972149518189       0.68565194393427298       -4.3077917549107747     
   1.5393804002589986       0.65893806639559105       -4.3427443829412971     
   1.5456635855661782       0.63200907826394248       -4.3771075899155427     
   1.5519467708733579       0.60486875324673228       -4.4108648174430956     
   1.5582299561805373       0.57752096999908120       -4.4439992511288011     
   1.5645131414877169       0.54996971374346526       -4.4764938172622104     
   1.5707963267948966       0.52221907791025757       -4.5083311794727434     
   1.5770795121020762       0.49427326579942282       -4.5394937353503932     
   1.5833626974092558       0.46613659226353882       -4.5699636130314696     
   1.5896458827164353       0.43781348541236259       -4.5997226677490932     
   1.5959290680236149       0.40930848833926536       -4.6287524783479972     
   1.6022122533307945       0.38062626086957740       -4.6570343437633888     
   1.6084954386379742       0.35177158133126057       -4.6845492794633286     
   1.6147786239451536       0.32274934834801061       -4.7112780138543862     
   1.6210618092523332       0.29356458265507979       -4.7372009846501317     
   1.6273449945595129       0.26422242893802839       -4.7622983352020700     
   1.6336281798666925       0.23472815769467237       -4.7865499107926146     
   1.6399113651738721       0.20508716712041158       -4.8099352548898224     
   1.6461945504810516       0.17530498501727185       -4.8324336053632884     
   1.6524777357882312       0.14538727072678562       -4.8540238906609900     
   1.6587609210954108       0.11533981708708634       -4.8746847259465893     
   1.6650441064025905       8.51685524143385719E-002  -4.8943944091968090     
   1.6713272917097701       5.48795425088872690E-002  -4.9131309172583801     
   1.6776104770169495       2.44789926862628224E-002  -4.9308719018643679     
   1.6838936623241292      -6.02675016664086169E-003  -4.9475946856092037     
   1.6901768476313088      -3.66311955099362235E-002  -4.9632762578821685     
   1.6964600329384885      -6.73277070434470520E-002  -4.9778932707588037     
   1.7027432182456679      -9.81095005734561043E-002  -4.9914220348499363     
   1.7090264035528475      -0.12896964185324145       -5.0038385151077449     
   1.7153095888600272      -0.15990104439710412       -5.0151183265885306     
   1.7215927741672068      -0.19089646726763046       -5.0252367301717209     
   1.7278759594743864      -0.22194851283593350       -5.0341686282346201     
   1.7341591447815659      -0.25304962451454466       -5.0418885602825680     
   1.7404423300887455      -0.28419208446273131       -5.0483706985339341     
   1.7467255153959251      -0.31536801126390090       -5.0535888434595089     
   1.7530087007031048      -0.34656935757484253       -5.0575164192759612     
   1.7592918860102844      -0.37778790774649790       -5.0601264693926815     
   1.7655750713174638      -0.40901527541596261       -5.0613916518117197     
   1.7718582566246432      -0.44024290106947300       -5.0612842344803157     
   1.7781414419318227      -0.47146204957596255       -5.0597760905953750     
   1.7844246272390023      -0.50266380769101293       -5.0568386938597323     
   1.7907078125461819      -0.53383908153085680       -5.0524431136893799     
   1.7969909978533616      -0.56497859401602302       -5.0465600103713122     
   1.8032741831605410      -0.59607288228449662       -5.0391596301716461     
   1.8095573684677206      -0.62711229507390853       -5.0302118003932188     
   1.8158405537749003      -0.65808699007252847       -5.0196859243823440     
   1.8221237390820799      -0.68898693123873234       -5.0075509764842199     
   1.8284069243892596      -0.71980188608857909       -4.9937754969464319     
   1.8346901096964390      -0.75052142295121438       -4.9783275867699830     
   1.8409732950036186      -0.78113490819174847       -4.9611749025074463     
   1.8472564803107983      -0.81163150340124901       -4.9422846510076548     
   1.8535396656179779      -0.84200016255359555       -4.9216235841063041     
   1.8598228509251575      -0.87222962912874202       -4.8991579932621816     
   1.8661060362323370      -0.90230843320211662       -4.8748537041381397     
   1.8723892215395166      -0.93222488849982443       -4.8486760711265999     
   1.8786724068466962      -0.96196708941920950       -4.8205899718187961     
   1.8849555921538759      -0.99152290801454446       -4.7905598014173298     
   1.8912387774610553       -1.0208799909473738       -4.7585494670913961     
   1.8975219627682349       -1.0500257564012421       -4.7245223822742259     
   1.9038051480754146       -1.0789473909604002       -4.6884414609020588     
   1.9100883333825942       -1.1076318464520845       -4.6502691115940973     
   1.9163715186897738       -1.1360658367520784       -4.6099672317729139     
   1.9226547039969533       -1.1642358345531307       -4.5674972017247253     
   1.9289378893041329       -1.1921280680958022       -4.5228198785987637     
   1.9352210746113125       -1.2197285178615067       -4.4758955903454840     
   1.9415042599184922       -1.2470229132271822       -4.4266841295927124     
   1.9477874452256718       -1.2739967290813199       -4.3751447474591822     
   1.9540706305328512       -1.3006351824009046       -4.3212361473049974     
   1.9603538158400309       -1.3269232287888773       -4.2649164784182236     
   1.9666370011472105       -1.3528455589717654       -4.2061433296371105     
   1.9729201864543902       -1.3783865952569476       -4.1448737229071924     
   1.9792033717615696       -1.4035304879493176       -4.0810641067728106     
   1.9854865570687492       -1.4282611117267543       -4.0146703498021763     
   1.9917697423759289       -1.4525620619741231       -3.9456477339455933     
   1.9980529276831085       -1.4764166510753107       -3.8739509478259508     
   2.0043361129902881       -1.4998079046628616       -3.7995340799609783     
   2.0106192982974678       -1.5227185578248319       -3.7223506119165624     
   2.0169024836046474       -1.5451310512683774       -3.6423534113904328     
   2.0231856689118266       -1.5670275274397054       -3.5594947252255311     
   2.0294688542190062       -1.5883898265998118       -3.4737261723524049     
   2.0357520395261859       -1.6091994828557168       -3.3849987366600498     
   2.0420352248333655       -1.6294377201466648       -3.2932627597941533     
   2.0483184101405452       -1.6490854481848229       -3.1984679338825677     
   2.0546015954477248       -1.6681232583499803       -3.1005632941867782     
   2.0608847807549044       -1.6865314195379684       -2.9994972116789858     
   2.0671679660620841       -1.7042898739620440       -2.8952173855440422     
   2.0734511513692637       -1.7213782329070524       -2.7876708356054065     
   2.0797343366764434       -1.7377757724356417       -2.6768038946743258     
   2.0860175219836226       -1.7534614290462458       -2.5625622008219442     
   2.0923007072908022       -1.7684137952821879       -2.4448906895728388     
   2.0985838925979818       -1.7826111152915116       -2.3237335860200368     
   2.1048670779051615       -1.7960312803370422       -2.1990343968601822     
   2.1111502632123411       -1.8086518242560836       -2.0707359023482779     
   2.1174334485195208       -1.8204499188693088       -1.9387801481713323     
   2.1237166338267004       -1.8314023693384238       -1.8031084372399804     
   2.1299998191338800       -1.8414856094718550       -1.6636613213973190     
   2.1362830044410597       -1.8506756969781262       -1.5203785930442273     
   2.1425661897482389       -1.8589483086664069       -1.3731992766803405     
   2.1488493750554185       -1.8662787355935231       -1.2220616203598347     
   2.1551325603625981       -1.8726418781570489       -1.0669030870611718     
   2.1614157456697773       -1.8780122411340130      -0.90766034597031653     
   2.1676989309769570       -1.8823639286643192      -0.74426926367589963     
   2.1739821162841366       -1.8856706391787261      -0.57666489527626452     
   2.1802653015913163       -1.8879056602706634      -0.40478147539711240     
   2.1865484868984959       -1.8890418635112451      -0.22855240911883912     
   2.1928316722056755       -1.8890516992069883      -4.79102628131036212E-002
   2.1991148575128552       -1.8879071910997318       0.13721324511276611     
   2.2053980428200348       -1.8855799310080608       0.32688725356389847     
   2.2116812281272140       -1.8820410734096640       0.52118176819973216     
   2.2179644134343937       -1.8772613299640668       0.72016767097059686     
   2.2242475987415733       -1.8712109639752426       0.92391672974930961     
   2.2305307840487529       -1.8638597847932143        1.1325016080595560     
   2.2368139693559326       -1.8551771421543561        1.3459958749012402     
   2.2430971546631122       -1.8451319204596415        1.5644740146741594     
   2.2493803399702919       -1.8336925329900744        1.7880114372007627     
   2.2556635252774715       -1.8208269160590591        2.0166844878488313     
   2.2619467105846511       -1.8065025231006053        2.2505704577554360     
   2.2682298958918308       -1.7906863186931126        2.4897475941526328     
   2.2745130811990100       -1.7733447725179288        2.7342951107960003     
   2.2807962665061896       -1.7544438532519862        2.9842931984974315     
   2.2870794518133692       -1.7339490223939871        3.2398230357624493     
   2.2933626371205489       -1.7118252280233375        3.5009667995335207     
   2.2996458224277285       -1.6880368984913285        3.7678076760402988     
   2.3059290077349082       -1.6625479360437430        4.0404298717575848     
   2.3122121930420878       -1.6353217103742641        4.3189186244723690     
   2.3184953783492674       -1.6063210521079783        4.6033602144606149     
   2.3247785636564471       -1.5755082462142953        4.8938419757752438     
   2.3310617489636263       -1.5428450253486239        5.1904523076457769     
   2.3373449342708059       -1.5082925631221027        5.4932806859913672     
   2.3436281195779856       -1.4718114672984413        5.8024176750476268     
   2.3499113048851652       -1.4333617729174921        6.1179549391090022     
   2.3561944901923448       -1.3929029353446449        6.4399852543871825     
   2.3624776754995245       -1.3503938232453097        6.7686025209868168     
   2.3687608608067041       -1.3057927114838181        7.1039017750000095     
   2.3750440461138838       -1.2590572739457808        7.4459792007201173     
   2.3813272314210634       -1.2101445762836516        7.7949321429762017     
   2.3876104167282426       -1.1590110685840336        8.1508591195896525     
   2.3938936020354222       -1.1056125779564727        8.5138598339534823     
   2.4001767873426019       -1.0499043010429556        8.8840351877358668     
   2.4064599726497815      -0.99184079644696976        9.2614872937088428     
   2.4127431579569611      -0.93137597708159503        9.6463194887037584     
   2.4190263432641408      -0.86846310243592217        10.038636346694025     
   2.4253095285713204      -0.80305477075871790        10.438543692006856     
   2.4315927138785001      -0.73510291115862991        10.846148612665209     
   2.4378758991856797      -0.66455877562032839        11.261559473860583     
   2.4441590844928589      -0.59137293093533994        11.684885931558791     
   2.4504422698000385      -0.51549525054715584        12.116238946238989     
   2.4567254551072182      -0.43687490630946862        12.555730796767866     
   2.4630086404143978      -0.35546036015680782        13.003475094410156     
   2.4692918257215775      -0.27119935568676407        13.459586796976458     
   2.4755750110287571      -0.18403890965282341        13.924182223109931     
   2.4818581963359367      -9.39253033669422838E-002   14.397379066712960     
   2.4881413816431164      -8.04074011169725517E-004   14.879296411515273     
   2.4944245669502960       9.53799941429121362E-002   15.370054745784707     
   2.5007077522574757       0.19468287860750427        15.869775977181934     
   2.5069909375646549       0.29716132764571845        16.378583447760526     
   2.5132741228718345       0.40287286933351091        16.896601949113911     
   2.5195573081790141       0.51187582071718640        17.423957737670044     
   2.5258404934861938       0.62422929706748287        17.960778550135650     
   2.5321236787933734       0.73999322123128830        18.507193619091431     
   2.5384068641005531       0.85922833308153723        19.063333688739267     
   2.5446900494077327       0.98199619906707314        19.629331030803122     
   2.5509732347149123        1.1083592218623546        20.205319460585009     
   2.5572564200220915        1.2383806501187615        20.791434353177426     
   2.5635396053292712        1.3721245883185085        21.387812659833671     
   2.5698227906364508        1.5096560067315818        21.994592924497518     
   2.5761059759436300        1.6510407514771681        22.611915300493774     
   2.5823891612508096        1.7963455546905931        23.239921567381575     
   2.5886723465579893        1.9456380447965056        23.878755147970566     
   2.5949555318651689        2.0989867568896612        24.528561125503472     
   2.6012387171723486        2.2564611432239845        25.189486261004923     
   2.6075219024795282        2.4181315838114839        25.861679010798991     
   2.6138050877867078        2.5840693971315201        26.545289544196450     
   2.6200882730938875        2.7543468509519262        27.240469761354007     
   2.6263714584010671        2.9290371732626732        27.947373311306031     
   2.6326546437082463        3.1082145633237359        28.666155610171590     
   2.6389378290154260        3.2919542028275632        29.396973859537539     
   2.6452210143226056        3.4803322671779031        30.139987065019447     
   2.6515041996297852        3.6734259368856694        30.895356055002424     
   2.6577873849369649        3.8713134090831303        31.663243499562849     
   2.6640705702441445        4.0740739091577529        32.443813929573466     
   2.6703537555513241        4.2817877025064028        33.237233755992200     
   2.6766369408585038        4.4945361064115898        34.043671289338405     
   2.6829201261656834        4.7124015020405610        34.863296759356110     
   2.6892033114728631        4.9354673465686529        35.696282334867632     
   2.6954864967800423        5.1638181854276946        36.542802143817980     
   2.7017696820872219        5.3975396646814930        37.403032293513526     
   2.7080528673944015        5.6367185435286533        38.277150891054340     
   2.7143360527015812        5.8814427069345534        39.165338063964185     
   2.7206192380087608        6.1318011783937010        40.067775981018961     
   2.7269024233159405        6.3878841328233982        40.984648873275269     
   2.7331856086231201        6.6497829095904422        41.916143055301369     
   2.7394687939302997        6.9175900256714415        42.862446946612216     
   2.7457519792374794        7.1913991889490845        43.823751093310314     
   2.7520351645446586        7.4713053116444614        44.800248189934429     
   2.7583183498518382        7.7574045238876241        45.792133101518253     
   2.7646015351590179        8.0497941874275707        46.799602885860224     
   2.7708847204661975        8.3485729094823835        47.822856816007416     
   2.7771679057733771        8.6538405567318843        48.862096402954450     
   2.7834510910805568        8.9656982694530427        49.917525418560331     
   2.7897342763877364        9.2842484758005899        50.989349918684518     
   2.7960174616949161        9.6095949062334203        52.077778266544442     
   2.8023006470020957        9.9418426080883613        53.183021156296419     
   2.8085838323092749        10.281097960303281        54.305291636842391     
   2.8148670176164545        10.627468688290072        55.444805135864350     
   2.8211502029236342        10.981063878959501        56.601779484087267     
   2.8274333882308138        11.341993995899363        57.776434939775328     
   2.8337165735379934        11.710370894707074        58.968994213460860     
   2.8399997588451731        12.086307838478861        60.179682492909926     
   2.8462829441523527        12.469919513455901        61.408727468325488     
   2.8525661294595324        12.861322044830095        62.656359357791104     
   2.8588493147667120        13.260633012710487        63.922810932957290     
   2.8651325000738916        13.667971468251274        65.208317544971834     
   2.8714156853810708        14.083457949944524        66.513117150657948     
   2.8776988706882505        14.507214500077241        67.837450338940840     
   2.8839820559954301        14.939364681355640        69.181560357525711     
   2.8902652413026098        15.380033593698030        70.545693139829808     
   2.8965484266097894        15.829347891197640        71.930097332169851     
   2.9028316119169690        16.287435799256606        73.335024321208351     
   2.9091147972241487        16.754427131894246        74.760728261660077     
   2.9153979825313283        17.230453309229304        76.207466104261840     
   2.9216811678385080        17.715647375139124        77.675497624006965     
   2.9279643531456871        18.210144015097317        79.165085448648597     
   2.9342475384528668        18.714079574191150        80.676495087472205     
   2.9405307237600464        19.227592075320597        82.209994960341149     
   2.9468139090672256        19.750821237580578        83.765856427016814     
   2.9530970943744053        20.283908494829063        85.344353816757689     
   2.9593802796815849        20.826997014440959        86.945764458196521     
   2.9656634649887645        21.380231716251455        88.570368709501764     
   2.9719466502959442        21.943759291689457        90.218449988822982     
   2.9782298356031238        22.517728223103315        91.890294805025007     
   2.9845130209103035        23.102288803280626        93.586192788711529     
   2.9907962062174831        23.697593155163634        95.306436723541992     
   2.9970793915246623        24.303795251762800        97.051322577844218     
   3.0033625768318419        24.921050936269634        98.821149536525212     
   3.0096457621390216        25.549517942371001        100.61622003328227     
   3.0159289474462012        26.189355914766832        102.43683978311860     
   3.0222121327533809        26.840726429893177        104.28331781516476     
   3.0284953180605605        27.503793016852629        106.15596650580950     
   3.0347785033677401        28.178721178553349        108.05510161214242     
   3.0410616886749198        28.865678413059666        109.98104230571074     
   3.0473448739820994        29.564834235156077        111.93411120659496     
   3.0536280592892791        30.276360198125623        113.91463441780368     
   3.0599112445964582        31.000429915745670        115.92294155999144     
   3.0661944299036379        31.737219084503707        117.95936580650513     
   3.0724776152108175        32.486905506032848        120.02424391875562     
   3.0787608005179972        33.249669109772000        122.11791628192493     
   3.0850439858251768        34.025691975850712        124.24072694100660     
   3.0913271711323564        34.815158358201941        126.39302363718444     
   3.0976103564395361        35.618254707904136        128.57515784455268     
   3.1038935417467157        36.435169696755665        130.78748480717974     
   3.1101767270538954        37.266094241082357        133.03036357651962     
   3.1164599123610746        38.111221525782163        135.30415704917294     
   3.1227430976682542        38.970747028607931        137.60923200500292     
   3.1290262829754338        39.844868544690087        139.94595914560543     
   3.1353094682826135        40.733786211303361        142.31471313314188     
   3.1415926535897931        41.637702532877853        144.71587262953230     
   3.1478758388969728        42.556822406257702        147.14982033601689     
   3.1541590242041524        43.491353146209633        149.61694303308548     
   3.1604422095113320        44.441504511183624        152.11763162078100     
   3.1667253948185117        45.407488729327639        154.65228115937850     
   3.1730085801256909        46.389520524759469        157.22129091044343     
   3.1792917654328705        47.387817144098072        159.82506437827422     
   3.1855749507400501        48.402598383255871        162.46400935172903     
   3.1918581360472298        49.434086614495342        165.13853794644407     
   3.1981413213544094        50.482506813752302        167.84906664744432     
   3.2044245066615891        51.548086588228514        170.59601635215171     
   3.2107076919687687        52.631056204254492        173.37981241379237     
   3.2169908772759483        53.731648615428220        176.20088468520899     
   3.2232740625831280        54.850099491028594        179.05966756308001     
   3.2295572478903072        55.986647244709374        181.95660003255000     
   3.2358404331974868        57.141533063474526        184.89212571227506     
   3.2421236185046665        58.315000936937281        187.86669289988617     
   3.2484068038118461        59.507297686866842        190.88075461787435     
   3.2546899891190257        60.718672997024861        193.93476865990371     
   3.2609731744262054        61.949379443294006        197.02919763755153     
   3.2672563597333850        63.199672524101203        200.16450902748400     
   3.2735395450405647        64.469810691139600        203.34117521906765     
   3.2798227303477443        65.760055380390355        206.55967356242388     
   3.2861059156549239        67.070671043448044        209.82048641692674     
   3.2923891009621031        68.401925179152187        213.12410120015113     
   3.2986722862692828        69.754088365527991        216.47101043727437     
   3.3049554715764624        71.127434292038188        219.86171181093272     
   3.3112386568836421        72.522239792150899        223.29670821154215     
   3.3175218421908217        73.938784876223735        226.77650778808214     
   3.3238050274980013        75.377352764709471        230.30162399934937     
   3.3300882128051810        76.838229921685326        233.87257566568661     
   3.3363713981123606        78.321706088707543        237.48988702118601     
   3.3426545834195402        79.828074318997082        241.15408776637787     
   3.3489377687267194        81.357631011957196        244.86571312140330     
   3.3552209540338991        82.910675948026167        248.62530387967908     
   3.3615041393410787        84.487512323870149        252.43340646205604     
   3.3677873246482584        86.088446787915984        256.29057297147693     
   3.3740705099554380        87.713789476231270        260.19736124813949     
   3.3803536952626176        89.363854048750738        264.15433492516536     
   3.3866368805697973        91.038957725855255        268.16206348478420     
   3.3929200658769769        92.739421325304804        272.22112231503183     
   3.3992032511841566        94.465569299529847        276.33209276697357     
   3.4054864364913358        96.217729773283210        280.49556221245069     
   3.4117696217985154        97.996234581657887        284.71212410236103     
   3.4180528071056950        99.801419308470926        288.98237802547220     
   3.4243359924128747        101.63362332501978        293.30692976777704     
   3.4306191777200543        103.49318982921343        297.68639137239455     
   3.4369023630272340        105.38046588508043        302.12138120001873     
   3.4431855483344136        107.29580246266021        306.61252398992497     
   3.4494687336415932        109.23955447827795        311.16045092153411     
   3.4557519189487729        111.21208083520909        315.76579967654141     
   3.4620351042559525        113.21374446473551        320.42921450161657     
   3.4683182895631317        115.24491236759739        325.15134627167600     
   3.4746014748703113        117.30595565584569        329.93285255373809     
   3.4808846601774910        119.39724959509564        334.77439767135911     
   3.4871678454846706        121.51917364718848        339.67665276966289     
   3.4934510307918503        123.67211151326333        344.64029588096253     
   3.4997342160990299        125.85645117724337        349.66601199098551     
   3.5060174014062095        128.07258494973999        354.75449310570207     
   3.5123005867133892        130.32090951237819        359.90643831876503     
   3.5185837720205688        132.60182596254865        365.12255387956668     
   3.5248669573277480        134.91573985858903        370.40355326191667     
   3.5311501426349277        137.26306126539859        375.75015723334820     
   3.5374333279421069        139.64420480049009        381.16309392505451     
   3.5437165132492865        142.05958968048427        386.64309890246722     
   3.5499996985564657        144.50963976804820        392.19091523647478     
   3.5562828838636453        146.99478361928448        397.80729357529327     
   3.5625660691708250        149.51545453157371        403.49299221699050     
   3.5688492544780046        152.07209059187426        409.24877718267260     
   3.5751324397851842        154.66513472548451        415.07542229033561     
   3.5814156250923639        157.29503474527189        420.97370922939200     
   3.5876988103995435        159.96224340137084        426.94442763587335     
   3.5939819957067232        162.66721843135650        432.98837516831810     
   3.6002651810139028        165.41042261089711        439.10635758435086     
   3.6065483663210820        168.19232380489024        445.29918881795629     
   3.6128315516282616        171.01339501908598        451.56769105745786     
   3.6191147369354413        173.87411445220266        457.91269482420216     
   3.6253979222426209        176.77496554853985        464.33503905196096     
   3.6316811075498006        179.71643705109156        470.83557116705299     
   3.6379642928569802        182.69902305516592        477.41514716919357     
   3.6442474781641598        185.72322306251476        484.07463171307774     
   3.6505306634713395        188.78954203597843        490.81489819070327     
   3.6568138487785191        191.89849045465039        497.63682881444191     
   3.6630970340856988        195.05058436956500        504.54131470086122     
   3.6693802193928780        198.24634545991634        511.52925595530849     
   3.6756634047000576        201.48630108980973        518.60156175726127     
   3.6819465900072372        204.77098436555104        525.75915044644694     
   3.6882297753144169        208.10093419348223        533.00294960974713     
   3.6945129606215965        211.47669533836259        540.33389616888621     
   3.7007961459287761        214.89881848230578        547.75293646891396     
   3.7070793312359558        218.36786028427349        555.26102636748692     
   3.7133625165431354        221.88438344013397        562.85913132496000     
   3.7196457018503151        225.44895674328899        570.54822649528990     
   3.7259288871574943        229.06215514587325        578.32929681776159     
   3.7322120724646739        232.72455982053606        586.20333710954333     
   3.7384952577718535        236.43675822280190        594.17135215907501     
   3.7447784430790332        240.19934415402656        602.23435682030413     
   3.7510616283862128        244.01291782494226        610.39337610776761     
   3.7573448136933925        247.87808591980939        618.64944529253569     
   3.7636279990005721        251.79546166116546        627.00360999901613     
   3.7699111843077517        255.76566487519418        635.45692630263670     
   3.7761943696149314        259.78932205770411        644.01046082840435     
   3.7824775549221106        263.86706644073234        652.66529085035268     
   3.7887607402292902        267.99953805977771        661.42250439188865     
   3.7950439255364699        272.18738382166180        670.28320032703664     
   3.8013271108436495        276.43125757303375        679.24848848259921     
   3.8076102961508291        280.73182016952006        688.31948974123611     
   3.8138934814580088        285.08973954552135        697.49733614546813     
   3.8201766667651884        289.50569078466884        706.78317100261893     
   3.8264598520723681        293.98035619094208        716.17814899069936     
   3.8327430373795477        298.51442536045357        725.68343626524256     
   3.8390262226867273        303.10859525391118        735.30021056709961     
   3.8453094079939065        307.76357026975722        745.02966133120367     
   3.8515925933010862        312.48006231799741        754.87298979631282     
   3.8578757786082658        317.25879089471800        764.83140911573003     
   3.8641589639154454        322.10048315730717        774.90614446902725     
   3.8704421492226251        327.00587400037739        785.09843317476202     
   3.8767253345298047        331.97570613240174        795.40952480421356     
   3.8830085198369844        337.01073015306611        805.84068129613172     
   3.8892917051441640        342.11170463134675        816.39317707251712     
   3.8955748904513436        347.27939618431941        827.06829915543813     
   3.9018580757585228        352.51457955670395        837.86734728489409     
   3.9081412610657025        357.81803770115459        848.79163403773555     
   3.9144244463728821        363.19056185929929        859.84248494764483     
   3.9207076316800618        368.63295164353616        871.02123862619339     
   3.9269908169872414        374.14601511959711        882.32924688498076     
   3.9332740022944210        379.73056888987816        893.76787485886825     
   3.9395571876016007        385.38743817755062        905.33850113030951     
   3.9458403729087803        391.11745691145444        917.04251785479596     
   3.9521235582159600        396.92146781178747        928.88133088742347     
   3.9584067435231391        402.80032247658681        940.85635991058371     
   3.9646899288303188        408.75488146902450        952.96903856280687     
   3.9709731141374984        414.78601440550943        965.22081456873957     
   3.9772562994446781        420.89460004461176        977.61314987029516     
   3.9835394847518577        427.08152637681707        990.14752075896786     
   3.9898226700590373        433.34769071511425        1002.8254180093288     
   3.9961058553662170        439.69399978642446        1015.6483470137107     
   4.0023890406733962        446.12136982388137        1028.6178279180931     
   4.0086722259805763        452.63072665997225        1041.7353957592054     
   4.0149554112877555        459.22300582053629        1055.0026006028320     
   4.0212385965949355        465.89915261964546        1068.4210076833765     
   4.0275217819021147        472.66012225535883        1081.9921975446400     
   4.0338049672092948        479.50687990636953        1095.7177661818780     
   4.0400881525164740        486.44040082954541        1109.5993251850980     
   4.0463713378236532        493.46167045837808        1123.6385018836500     
   4.0526545231308333        500.57168450234195        1137.8369394920956     
   4.0589377084380125        507.77144904716829        1152.1962972573617     
   4.0652208937451926        515.06198065606418        1166.7182506072299     
   4.0715040790523718        522.44430647184754        1181.4044913001126     
   4.0777872643595519        529.91946432004761        1196.2567275761899     
   4.0840704496667311        537.48850281294051        1211.2766843098577     
   4.0903536349739111        545.15248145456644        1226.4661031635603     
   4.0966368202810903        552.91247074669900        1241.8267427429582     
   4.1029200055882695        560.76955229580665        1257.3603787534953     
   4.1092031908954496        568.72481892100063        1273.0688041583471     
   4.1154863762026288        576.77937476296938        1288.9538293377545     
   4.1217695615098089        584.93433539393550        1305.0172822498014     
   4.1280527468169881        593.19082792861161        1321.2610085925801     
   4.1343359321241682        601.54999113619158        1337.6868719678278     
   4.1406191174313474        610.01297555336441        1354.2967540459795     
   4.1469023027385274        618.58094359838037        1371.0925547327156     
   4.1531854880457066        627.25506968615775        1388.0761923369487     
   4.1594686733528867        636.03654034445856        1405.2496037403284     
   4.1657518586600659        644.92655433112623        1422.6147445682168     
   4.1720350439672451        653.92632275241192        1440.1735893622053     
   4.1783182292744252        663.03706918238106        1457.9281317541331     
   4.1846014145816044        672.26002978341762        1475.8803846416442     
   4.1908845998887845        681.59645342784904        1494.0323803653205     
   4.1971677851959637        691.04760182066855        1512.3861708873414     
   4.2034509705031438        700.61474962340947        1530.9438279717624     
   4.2097341558103230        710.29918457913072        1549.7074433663420     
   4.2160173411175030        720.10220763857740        1568.6791289860180     
   4.2223005264246822        730.02513308747166        1587.8610170979550     
   4.2285837117318614        740.06928867499721        1607.2552605082719     
   4.2348668970390415        750.23601574344389        1626.8640327503813     
   4.2411500823462207        760.52666935904551        1646.6895282749927     
   4.2474332676534008        770.94261844402706        1666.7339626418188     
   4.2537164529605800        781.48524590984141        1686.9995727129267     
   4.2599996382677601        792.15594879165189        1707.4886168478363     
   4.2662828235749393        802.95613838401869        1728.2033751002950     
   4.2725660088821193        813.88724037785414        1749.1461494168279     
   4.2788491941892985        824.95069499860563        1770.3192638369883     
   4.2851323794964777        836.14795714572494        1791.7250646954149     
   4.2914155648036578        847.48049653339694        1813.3659208256358     
   4.2976987501108370        858.94979783255781        1835.2442237656687     
   4.3039819354180171        870.55736081422310        1857.3623879654533     
   4.3102651207251963        882.30470049409905        1879.7228509960612     
   4.3165483060323764        894.19334727854789        1902.3280737607979     
   4.3228314913395547        906.22484711184904        1925.1805407081006     
   4.3291146766467348        918.40076162484399        1948.2827600463775     
   4.3353978619539140        930.72266828489205        1971.6372639606438     
   4.3416810472610941        943.19216054723711        1995.2466088311501     
   4.3479642325682732        955.81084800771760        2019.1133754538500     
   4.3542474178754533        968.58035655689810        2043.2401692628714     
   4.3605306031826325        981.50232853557770        2067.6296205548724     
   4.3668137884898117        994.57842289173868        2092.2843847154245     
   4.3730969737969918        1007.8103153389092        2117.2071424473406     
   4.3793801591041710        1021.1996985159617        2142.4006000010004     
   4.3856633444113511        1034.7482821483909        2167.8674894067422     
   4.3919465297185303        1048.4577932110226        2193.6105687092186     
   4.3982297150257104        1062.3299760922371        2219.6326222038761     
   4.4045129003328896        1076.3665927596508        2245.9364606754352     
   4.4107960856400696        1090.5694229273386        2272.5249216385291     
   4.4170792709472488        1104.9402642245375        2299.4008695803714     
   4.4233624562544280        1119.4809323659163        2326.5671962056203     
   4.4296456415616081        1134.1932613233691        2354.0268206833330     
   4.4359288268687873        1149.0791034993654        2381.7826898960839     
   4.4422120121759674        1164.1403299018941        2409.8377786912965     
   4.4484951974831466        1179.3788303209665        2438.1950901347163     
   4.4547783827903267        1194.7965135067450        2466.8576557661590     
   4.4610615680975059        1210.3953073492567        2495.8285358574212     
   4.4673447534046860        1226.1771590597696        2525.1108196725227     
   4.4736279387118651        1242.1440353537744        2554.7076257301387     
   4.4799111240190443        1258.2979226356517        2584.6221020683943     
   4.4861943093262244        1274.6408271849991        2614.8574265119187     
   4.4924774946334036        1291.1747753446327        2645.4168069412426     
   4.4987606799405837        1307.9018137103162        2676.3034815645688     
   4.5050438652477629        1324.8240093221675        2707.5207191918544     
   4.5113270505549430        1341.9434498578403        2739.0718195113641     
   4.5176102358621222        1359.2622438274022        2770.9601133685373     
   4.5238934211693023        1376.7825207700193        2803.1889630473788     
   4.5301766064764815        1394.5064314523740        2835.7617625542125     
   4.5364597917836615        1412.4361480689142        2868.6819379039830     
   4.5427429770908407        1430.5738644438654        2901.9529474089759     
   4.5490261623980199        1448.9217962351136        2935.5782819701253     
   4.5553093477052000        1467.4821811398851        2969.5614653707903     
   4.5615925330123792        1486.2572791022958        3003.9060545731109     
   4.5678757183195593        1505.2493725227853        3038.6156400169693     
   4.5741589036267385        1524.4607664694049        3073.6938459214839     
   4.5804420889339186        1543.8937888910482        3109.1443305892044     
   4.5867252742410978        1563.5507908325576        3144.9707867128645     
   4.5930084595482779        1583.4341466518135        3181.1769416848838     
   4.5992916448554571        1603.5462542387290        3217.7665579094746     
   4.6055748301626362        1623.8895352362561        3254.7434331175309     
   4.6118580154698163        1644.4664352633552        3292.1114006842063     
   4.6181412007769955        1665.2794241399633        3329.8743299492435     
   4.6244243860841756        1686.3309961140189        3368.0361265401352     
   4.6307075713913548        1707.6236700904708        3406.6007326979980     
   4.6369907566985349        1729.1599898624092        3445.5721276063887     
   4.6432739420057141        1750.9425243442031        3484.9543277228368     
   4.6495571273128942        1772.9738678067949        3524.7513871133874     
   4.6558403126200734        1795.2566401150502        3564.9673977899120     
   4.6621234979272526        1817.7934869672763        3605.6064900504498     
   4.6684066832344326        1840.5870801368758        3646.6728328224408     
   4.6746898685416118        1863.6401177161465        3688.1706340089077     
   4.6809730538487919        1886.9553243623054        3730.1041408377164     
   4.6872562391559711        1910.5354515456750        3772.4776402137609     
   4.6935394244631512        1934.3832778001322        3815.2954590742856     
   4.6998226097703304        1958.5016089757551        3858.5619647471931     
   4.7061057950775105        1982.8932784937826        3902.2815653125431     
   4.7123889803846897        2007.5611476037998        3946.4587099670789     
   4.7186721656918689        2032.5081056432748        3991.0978893919919     
   4.7249553509990490        2057.7370702993835        4036.2036361238156     
   4.7312385363062281        2083.2509878731739        4081.7805249285075     
   4.7375217216134082        2109.0528335461299        4127.8331731788358     
   4.7438049069205874        2135.1456116490535        4174.3662412349213     
   4.7500880922277675        2161.5323559334183        4221.3844328281757     
   4.7563712775349467        2188.2161298450760        4268.8924954484391     
   4.7626544628421268        2215.2000268004790        4316.8952207345756     
   4.7689376481493060        2242.4871704652892        4365.3974448683157     
   4.7752208334564852        2270.0807150355486        4414.4040489716144     
   4.7815040187636653        2297.9838455213057        4463.9199595073505     
   4.7877872040708445        2326.1997780327756        4513.9501486834906     
   4.7940703893780245        2354.7317600690858        4564.4996348608011     
   4.8003535746852037        2383.5830708095464        4615.5734829639732     
   4.8066367599923838        2412.7570214075608        4667.1768048963877     
   4.8129199452995630        2442.2569552871096        4719.3147599583581     
   4.8192031306067431        2472.0862484419208        4771.9925552690784     
   4.8254863159139223        2502.2483097372469        4825.2154461920782     
   4.8317695012211015        2532.7465812143901        4878.9887367644733     
   4.8380526865282816        2563.5845383978867        4933.3177801298079     
   4.8443358718354608        2594.7656906054276        4988.2079789746358     
   4.8506190571426409        2626.2935812605847        5043.6647859689392     
   4.8569022424498201        2658.1717882082294        5099.6937042101927     
   4.8631854277570001        2690.4039240328498        5156.3002876713908     
   4.8694686130641793        2722.9936363796019        5213.4901416527973     
   4.8757517983713594        2755.9446082783038        5271.2689232376933     
   4.8820349836785386        2789.2605584702128        5329.6423417519227     
   4.8883181689857178        2822.9452417377865        5388.6161592274912     
   4.8946013542928979        2857.0024492373141        5448.1961908700805     
   4.9008845396000771        2891.4360088345043        5508.3883055305669     
   4.9071677249072572        2926.2497854430931        5569.1984261806629     
   4.9134509102144364        2961.4476813663782        5630.6325303925332     
   4.9197340955216164        2997.0336366418633        5692.6966508226378     
   4.9260172808287956        3033.0116293888732        5755.3968756995964     
   4.9323004661359757        3069.3856761593265        5818.7393493163891     
   4.9385836514431549        3106.1598322915411        5882.7302725266072     
   4.9448668367503350        3143.3381922672365        5947.3759032451217     
   4.9511500220575142        3180.9248900716366        6012.6825569528846     
   4.9574332073646934        3218.9240995568098        6078.6566072062042     
   4.9637163926718735        3257.3400348081941        6145.3044861502703     
   4.9699995779790527        3296.1769505143438        6212.6326850370988     
   4.9762827632862328        3335.4391423400143        6280.6477547479844     
   4.9825659485934120        3375.1309473024453        6349.3563063202928     
   4.9888491339005920        3415.2567441510737        6418.7650114789130     
   4.9951323192077712        3455.8209537504972        6488.8806031720960     
   5.0014155045149513        3496.8280394669155        6559.7098761120351     
   5.0076986898221305        3538.2825075578926        6631.2596873199182     
   5.0139818751293097        3580.1889075656431        6703.5369566757699     
   5.0202650604364898        3622.5518327137256        6776.5486674729163     
   5.0265482457436690        3665.3759203072450        6850.3018669771664     
   5.0328314310508491        3708.6658521366344        6924.8036669908934     
   5.0391146163580283        3752.4263548849081        7000.0612444217477     
   5.0453978016652083        3796.6622005386007        7076.0818418564322     
   5.0516809869723875        3841.3782068022347        7152.8727681391783     
   5.0579641722795676        3886.5792375165233        7230.4413989553432     
   5.0642473575867468        3932.2702030801770        7308.7951774198091     
   5.0705305428939260        3978.4560608754873        7387.9416146705635     
   5.0768137282011061        4025.1418156976306        7467.8882904672491     
   5.0830969135082853        4072.3325201877119        7548.6428537947886     
   5.0893800988154654        4120.0332752697177        7630.2130234723027     
   5.0956632841226446        4168.2492305911710        7712.6065887670156     
   5.1019464694298247        4216.9855849678070        7795.8314100135995     
   5.1082296547370030        4266.2475868320244        7879.8954192385900     
   5.1145128400441831        4316.0405346854168        7964.8066207903612     
   5.1207960253513622        4366.3697775551018        8050.5730919741727     
   5.1270792106585423        4417.2407154542416        8137.2029836929132     
   5.1333623959657215        4468.6587998464729        8224.7045210930792     
   5.1396455812729016        4520.6295341145033        8313.0860042164131     
   5.1459287665800808        4573.1584740327162        8402.3558086569283     
   5.1522119518872600        4626.2512282440530        8492.5223862236871     
   5.1584951371944401        4679.9134587409799        8583.5942656091192     
   5.1647783225016193        4734.1508813506653        8675.5800530629713     
   5.1710615078087994        4788.9692662245170        8768.4884330721725     
   5.1773446931159786        4844.3744383318663        8862.3281690462427     
   5.1836278784231586        4900.3722779581085        8957.1081040087665     
   5.1899110637303378        4956.9687212070867        9052.8371612944920     
   5.1961942490375179        5014.1697605079971        9149.5243452526047     
   5.2024774343446971        5071.9814451266102        9247.1787419557477     
   5.2087606196518763        5130.4098816810638        9345.8095199152303     
   5.2150438049590564        5189.4612346621325        9445.4259308022338     
   5.2213269902662356        5249.1417269579933        9546.0373101750774     
   5.2276101755734157        5309.4576403837082        9647.6530782128466     
   5.2338933608805949        5370.4153162151906        9750.2827404549953     
   5.2401765461877750        5432.0211557279681        9853.9358885474612     
   5.2464597314949541        5494.2816207405322        9958.6222009948870     
   5.2527429168021342        5557.2032341625645        10064.351443919448     
   5.2590261021093134        5620.7925805478035        10171.133471825873     
   5.2653092874164926        5685.0563066519007        10278.978228373162     
   5.2715924727236727        5750.0011219950056        10387.895747152717     
   5.2778756580308519        5815.6337994293199        10497.896152473048     
   5.2841588433380320        5881.9611757116463        10608.989660151266     
   5.2904420286452112        5948.9901520808262        10721.186578311095     
   5.2967252139523913        6016.7276948403378        10834.497308187816     
   5.3030083992595705        6085.1808359458328        10948.932344939836     
   5.3092915845667505        6154.3566735979648        11064.502278467357     
   5.3155747698739297        6224.2623728401759        11181.217794237691     
   5.3218579551811098        6294.9051661619314        11299.089674117877     
   5.3281411404882890        6366.2923541069531        11418.128797213991     
   5.3344243257954682        6438.4313058869766        11538.346140717875     
   5.3407075111026483        6511.3294600007139        11659.752780760839     
   5.3469906964098275        6584.9943248582003        11782.359893274544     
   5.3532738817170076        6659.4334794107062        11906.178754859386     
   5.3595570670241868        6734.6545737859205        12031.220743659882     
   5.3658402523313669        6810.6653299288919        12157.497340247832     
   5.3721234376385461        6887.4735422483091        12285.020128512557     
   5.3784066229457261        6965.0870782686188        12413.800796559002     
   5.3846898082529053        7043.5138792876005        12543.851137613099     
   5.3909729935600845        7122.7619610398524        12675.183050935075     
   5.3972561788672646        7202.8394143658988        12807.808542740251     
   5.4035393641744438        7283.7544058871263        12941.739727127626     
   5.4098225494816239        7365.5151786866900        13076.988827016487     
   5.4161057347888031        7448.1300529961400        13213.568175090601     
   5.4223889200959832        7531.6074268882330        13351.490214750738     
   5.4286721054031624        7615.9557769755147        13490.767501074833     
   5.4349552907103424        7701.1836591151823        13631.412701786619     
   5.4412384760175216        7787.2997091198722        13773.438598232073     
   5.4475216613247008        7874.3126434747574        13916.858086364395     
   5.4538048466318809        7962.2312600607729        14061.684177737072     
   5.4600880319390601        8051.0644388840938        14207.930000505345     
   5.4663712172462402        8140.8211428120512        14355.608800436248     
   5.4726544025534194        8231.5104183152307        14504.733941926890     
   5.4789375878605995        8323.1413962162242        14655.318909031641     
   5.4852207731677787        8415.7232924446253        14807.377306497565     
   5.4915039584749588        8509.2654087987776        14960.922860808991     
   5.4977871437821380        8603.7771337139238        15115.969421240465     
   5.5040703290893171        8699.2679430371682        15272.530960918895     
   5.5103535143964972        8795.7474008090103        15430.621577894421     
   5.5166366997036764        8893.2251600516647        15590.255496220279     
   5.5229198850108565        8991.7109635642992        15751.447067041954     
   5.5292030703180357        9091.2146447249543        15914.210769695173     
   5.5354862556252158        9191.7461282995955        16078.561212813445     
   5.5417694409323950        9293.3154312579700        16244.513135444589     
   5.5480526262395751        9395.9326635966809        16412.081408176960     
   5.5543358115467543        9499.6080291691778        16581.281034274791     
   5.5606189968539335        9604.3518265231269        16752.127150823409     
   5.5669021821611135        9710.1744497448180        16924.635029883804     
   5.5731853674682927        9817.0863893109308        17098.820079656944     
   5.5794685527754728        9925.0982329477192        17274.697845658011     
   5.5857517380826520        10034.220666497436        17452.284011900229     
   5.5920349233898321        10144.464474792432        17631.594402088900     
   5.5983181086970113        10255.840542536573        17812.644980825153     
   5.6046012940041914        10368.359855194485        17995.451854820138     
   5.6108844793113706        10482.033499888208        18180.031274118966     
   5.6171676646185498        10596.872666301817        18366.399633335379     
   5.6234508499257299        10712.888647593678        18554.573472896387     
   5.6297340352329091        10830.092841316518        18744.569480297429     
   5.6360172205400891        10948.496750345668        18936.404491368274     
   5.6423004058472683        11068.111983814924        19130.095491549106     
   5.6485835911544484        11188.950258060833        19325.659617177742     
   5.6548667764616276        11311.023397574780        19523.114156787204     
   5.6611499617688077        11434.343335963520        19722.476552414555     
   5.6674331470759869        11558.922116917753        19923.764400920267     
   5.6737163323831661        11684.771895189220        20126.995455319040     
   5.6799995176903462        11811.904937576057        20332.187626121471     
   5.6862827029975254        11940.333623916604        20539.358982686925     
   5.6925658883047054        12070.070448091939        20748.527754588064     
   5.6988490736118846        12201.128019036723        20959.712332986237     
   5.7051322589190647        12333.519061759049        21172.931272018955     
   5.7114154442262439        12467.256418368745        21388.203290198442     
   5.7176986295334240        12602.353049114759        21605.547271822266     
   5.7239818148406032        12738.822033431195        21824.982268395426     
   5.7302650001477833        12876.676570992622        22046.527500064683     
   5.7365481854549625        13015.929982778071        22270.202357064394     
   5.7428313707621417        13156.595712144504        22496.026401174968     
   5.7491145560693218        13298.687325909279        22724.019367193025     
   5.7553977413765010        13442.218515441857        22954.201164413978     
   5.7616809266836810        13587.203097765105        23186.591878127241     
   5.7679641119908602        13733.655016665714        23421.211771123384     
   5.7742472972980403        13881.588343814439        23658.081285214481     
   5.7805304826052195        14031.017279895612        23897.221042766469     
   5.7868136679123996        14181.956155746680        24138.651848244997     
   5.7930968532195788        14334.419433507122        24382.394689773446     
   5.7993800385267580        14488.421707777537        24628.470740704564     
   5.8056632238339381        14643.977706788424        24876.901361204793     
   5.8119464091411173        14801.102293578970        25127.708099851807     
   5.8182295944482973        14959.810467186129        25380.912695245745     
   5.8245127797554765        15120.117363843534        25636.537077633297     
   5.8307959650626566        15282.038258191014        25894.603370545847     
   5.8370791503698358        15445.588564494081        26155.133892450765     
   5.8433623356770159        15610.783837874233        26418.151158416993     
   5.8496455209841951        15777.639775549334        26683.677881793847     
   5.8559287062913743        15946.172218085007        26951.736975904416     
   5.8622118915985544        16116.397150656412        27222.351555752652     
   5.8684950769057336        16288.330704320870        27495.544939744672     
   5.8747782622129137        16461.989157301483        27771.340651424700     
   5.8810614475200929        16637.388936281455        28049.762421224939     
   5.8873446328272729        16814.546617709741        28330.834188230569     
   5.8936278181344512        16993.478929117537        28614.580101958752     
   5.8999110034416313        17174.202750446373        28901.024524153287     
   5.9061941887488105        17356.735115386986        29190.192030593073     
   5.9124773740559906        17541.093212730222        29482.107412916699     
   5.9187605593631698        17727.294387728896        29776.795680461313     
   5.9250437446703499        17915.356143471759        30074.282062117483     
   5.9313269299775291        18105.296142268631        30374.592008198724     
   5.9376101152847083        18297.132207047867        30677.751192327280     
   5.9438933005918884        18490.882322765356        30983.785513335028     
   5.9501764858990676        18686.564637825541        31292.721097180260     
   5.9564596712062476        18884.197465514815        31604.584298880691     
   5.9627428565134268        19083.799285446705        31919.401704461958     
   5.9690260418206069        19285.388745019747        32237.200132922866     
   5.9753092271277861        19488.984660887385        32558.006638216342     
   5.9815924124349662        19694.606020440769        32881.848511247452     
   5.9878755977421454        19902.271983303719        33208.753281887271     
   5.9941587830493246        20112.001882840799        33538.748721004122     
   6.0004419683565047        20323.815227678024        33871.862842511255     
   6.0067251536636839        20537.731703236277        34208.123905431348     
   6.0130083389708640        20753.771173278310        34547.560415978762     
   6.0192915242780431        20971.953681468200        34890.201129658162     
   6.0255747095852232        21192.299452944681        35236.075053381399     
   6.0318578948924024        21414.828895907274        35585.211447601076     
   6.0381410801995825        21639.562603216415        35937.639828462619     
   6.0444242655067617        21866.521354006567        36293.389969973286     
   6.0507074508139409        22095.726115313679        36652.491906189956     
   6.0569906361211210        22327.198043715893        37014.975933424488     
   6.0632738214283002        22560.958486988347        37380.872612467268     
   6.0695570067354803        22797.028985772246        37750.212770829763     
   6.0758401920426595        23035.431275257641        38123.027505004735     
   6.0821233773498395        23276.187286880926        38499.348182746093     
   6.0884065626570187        23519.319150036270        38879.206445366624     
   6.0946897479641988        23764.849193802012        39262.634210055650     
   6.1009729332713780        24012.799948681197        39649.663672215007     
   6.1072561185785581        24263.194148357310        40040.327307815009     
   6.1135393038857373        24516.054731464454        40434.657875769277     
   6.1198224891929165        24771.404843372915        40832.688420329760     
   6.1261056745000966        25029.267837989555        41234.452273501171     
   6.1323888598072758        25289.667279573383        41639.983057475161     
   6.1386720451144559        25552.626944566884        42049.314687085338     
   6.1449552304216351        25818.170823442317        42462.481372281618     
   6.1512384157288151        26086.323122564125        42879.517620625847     
   6.1575216010359943        26357.108266066592        43300.458239807216     
   6.1638047863431744        26630.550897747900        43725.338340179282     
   6.1700879716503536        26906.675882979649        44154.193337316996     
   6.1763711569575328        27185.508310632980        44587.058954595646     
   6.1826543422647129        27467.073495020737        45023.971225790621     
   6.1889375275718921        27751.396977855886        45464.966497698420     
   6.1952207128790722        28038.504530226957        45910.081432780033     
   6.2015038981862514        28328.422154589520        46359.353011825020     
   6.2077870834934314        28621.176086775107        46812.818536638755     
   6.2140702688006106        28916.792798016515        47270.515632750561     
   6.2203534541077907        29215.298996990736        47732.482252145361     
   6.2266366394149699        29516.721631878554        48198.756676016688     
   6.2329198247221491        29821.087892442069        48669.377517543369     
   6.2392030100293292        30128.425212119411        49144.383724688450     
   6.2454861953365084        30438.761270136987        49623.814583021114     
   6.2517693806436885        30752.123993640049        50107.709718562459     
   6.2580525659508677        31068.541559840556        50596.109100653819     
   6.2643357512580478        31388.042398183854        51089.053044849621     
   6.2706189365652270        31710.655192532740        51586.582215832983     
   6.2769021218724070        32036.408883370954        52088.737630356474     
   6.2831853071795862        32365.332670024138        52595.560660205883     
