0.00000000E+00
0.20000000E+04
0.40000000E+04
0.60000000E+04
0.80000000E+04
0.10000000E+05
0.12000000E+05
0.14000000E+05
0.16000000E+05
0.18000000E+05
0.20000000E+05
0.22000000E+05
0.24000000E+05
0.26000000E+05
0.28000000E+05
0.30000000E+05
0.32000000E+05
0.34000000E+05
0.36000000E+05
0.38000000E+05
0.40000000E+05
0.42000000E+05
0.44000000E+05
0.46000000E+05
0.48000000E+05
0.50000000E+05
0.52000000E+05
0.54000000E+05
0.56000000E+05
0.58000000E+05
0.60000000E+05
0.62000000E+05
0.64000000E+05
0.66000000E+05
0.68000000E+05
0.70000000E+05
0.72000000E+05
0.74000000E+05
0.76000000E+05
0.78000000E+05
0.80000000E+05
0.82000000E+05
0.84000000E+05
0.86000000E+05
0.88000000E+05
0.90000000E+05
0.92000000E+05
0.94000000E+05
0.96000000E+05
0.98000000E+05
0.10000000E+06
0.10200000E+06
0.10400000E+06
0.10600000E+06
0.10800000E+06
0.11000000E+06
0.11200000E+06
0.11400000E+06
0.11600000E+06
0.11800000E+06
0.12000000E+06
0.12200000E+06
0.12400000E+06
0.12600000E+06
0.12800000E+06
0.13000000E+06
0.13200000E+06
0.13400000E+06
0.13600000E+06
0.13800000E+06
0.14000000E+06
0.14200000E+06
0.14400000E+06
0.14600000E+06
0.14800000E+06
0.15000000E+06
0.15200000E+06
0.15400000E+06
0.15600000E+06
0.15800000E+06
0.16000000E+06
0.16200000E+06
0.16400000E+06
0.16600000E+06
0.16800000E+06
0.17000000E+06
0.17200000E+06
0.17400000E+06
0.17600000E+06
0.17800000E+06
0.18000000E+06
0.18200000E+06
0.18400000E+06
0.18600000E+06
0.18800000E+06
0.19000000E+06
0.19200000E+06
0.19400000E+06
0.19600000E+06
0.19800000E+06
0.20000000E+06
0.20200000E+06
0.20400000E+06
0.20600000E+06
0.20800000E+06
0.21000000E+06
0.21200000E+06
0.21400000E+06
0.21600000E+06
0.21800000E+06
0.22000000E+06
0.22200000E+06
0.22400000E+06
0.22600000E+06
0.22800000E+06
0.23000000E+06
0.23200000E+06
0.23400000E+06
0.23600000E+06
0.23800000E+06
0.24000000E+06
0.24200000E+06
0.24400000E+06
0.24600000E+06
0.24800000E+06
0.25000000E+06
0.25200000E+06
0.25400000E+06
0.25600000E+06
0.25800000E+06
0.26000000E+06
0.26200000E+06
0.26400000E+06
0.26600000E+06
0.26800000E+06
0.27000000E+06
0.27200000E+06
0.27400000E+06
0.27600000E+06
0.27800000E+06
0.28000000E+06
0.28200000E+06
0.28400000E+06
0.28600000E+06
0.28800000E+06
0.29000000E+06
0.29200000E+06
0.29400000E+06
0.29600000E+06
0.29800000E+06
0.30000000E+06
0.30200000E+06
0.30400000E+06
0.30600000E+06
0.30800000E+06
0.31000000E+06
0.31200000E+06
0.31400000E+06
0.31600000E+06
0.31800000E+06
0.32000000E+06
0.32200000E+06
0.32400000E+06
0.32600000E+06
0.32800000E+06
0.33000000E+06
0.33200000E+06
0.33400000E+06
0.33600000E+06
0.33800000E+06
0.34000000E+06
0.34200000E+06
0.34400000E+06
0.34600000E+06
0.34800000E+06
0.35000000E+06
0.35200000E+06
0.35400000E+06
0.35600000E+06
0.35800000E+06
0.36000000E+06
0.36200000E+06
0.36400000E+06
0.36600000E+06
0.36800000E+06
0.37000000E+06
0.37200000E+06
0.37400000E+06
0.37600000E+06
0.37800000E+06
0.38000000E+06
0.38200000E+06
0.38400000E+06
0.38600000E+06
0.38800000E+06
0.39000000E+06
0.39200000E+06
0.39400000E+06
0.39600000E+06
0.39800000E+06
0.40000000E+06
0.40200000E+06
0.40400000E+06
0.40600000E+06
0.40800000E+06
0.41000000E+06
0.41200000E+06
0.41400000E+06
0.41600000E+06
0.41800000E+06
0.42000000E+06
0.42200000E+06
0.42400000E+06
0.42600000E+06
0.42800000E+06
0.43000000E+06
0.43200000E+06
0.43400000E+06
0.43600000E+06
0.43800000E+06
0.44000000E+06
0.44200000E+06
0.44400000E+06
0.44600000E+06
0.44800000E+06
0.45000000E+06
0.45200000E+06
0.45400000E+06
0.45600000E+06
0.45800000E+06
0.46000000E+06
0.46200000E+06
0.46400000E+06
0.46600000E+06
0.46800000E+06
0.47000000E+06
0.47200000E+06
0.47400000E+06
0.47600000E+06
0.47800000E+06
0.48000000E+06
0.48200000E+06
0.48400000E+06
0.48600000E+06
0.48800000E+06
0.49000000E+06
0.49200000E+06
0.49400000E+06
0.49600000E+06
0.49800000E+06
0.50000000E+06
0.50200000E+06
0.50400000E+06
0.50600000E+06
0.50800000E+06
0.51000000E+06
0.51200000E+06
0.51400000E+06
0.51600000E+06
0.51800000E+06
0.52000000E+06
0.52200000E+06
0.52400000E+06
0.52600000E+06
0.52800000E+06
0.53000000E+06
0.53200000E+06
0.53400000E+06
0.53600000E+06
0.53800000E+06
0.54000000E+06
0.54200000E+06
0.54400000E+06
0.54600000E+06
0.54800000E+06
0.55000000E+06
0.55200000E+06
0.55400000E+06
0.55600000E+06
0.55800000E+06
0.56000000E+06
0.56200000E+06
0.56400000E+06
0.56600000E+06
0.56800000E+06
0.57000000E+06
0.57200000E+06
0.57400000E+06
0.57600000E+06
0.57800000E+06
0.58000000E+06
0.58200000E+06
0.58400000E+06
0.58600000E+06
0.58800000E+06
0.59000000E+06
0.59200000E+06
0.59400000E+06
0.59600000E+06
0.59800000E+06
0.60000000E+06
0.60200000E+06
0.60400000E+06
0.60600000E+06
0.60800000E+06
0.61000000E+06
0.61200000E+06
0.61400000E+06
0.61600000E+06
0.61800000E+06
0.62000000E+06
0.62200000E+06
0.62400000E+06
0.62600000E+06
0.62800000E+06
0.63000000E+06
0.63200000E+06
0.63400000E+06
0.63600000E+06
0.63800000E+06
0.64000000E+06
0.64200000E+06
0.64400000E+06
0.64600000E+06
0.64800000E+06
0.65000000E+06
0.65200000E+06
0.65400000E+06
0.65600000E+06
0.65800000E+06
0.66000000E+06
0.66200000E+06
0.66400000E+06
0.66600000E+06
0.66800000E+06
0.67000000E+06
0.67200000E+06
0.67400000E+06
0.67600000E+06
0.67800000E+06
0.68000000E+06
0.68200000E+06
0.68400000E+06
0.68600000E+06
0.68800000E+06
0.69000000E+06
0.69200000E+06
0.69400000E+06
0.69600000E+06
0.69800000E+06
0.70000000E+06
0.70200000E+06
0.70400000E+06
0.70600000E+06
0.70800000E+06
0.71000000E+06
0.71200000E+06
0.71400000E+06
0.71600000E+06
0.71800000E+06
0.72000000E+06
0.72200000E+06
0.72400000E+06
0.72600000E+06
0.72800000E+06
0.73000000E+06
0.73200000E+06
0.73400000E+06
0.73600000E+06
0.73800000E+06
0.74000000E+06
0.74200000E+06
0.74400000E+06
0.74600000E+06
0.74800000E+06
0.75000000E+06
0.75200000E+06
0.75400000E+06
0.75600000E+06
0.75800000E+06
0.76000000E+06
0.76200000E+06
0.76400000E+06
0.76600000E+06
0.76800000E+06
0.77000000E+06
0.77200000E+06
0.77400000E+06
0.77600000E+06
0.77800000E+06
0.78000000E+06
0.78200000E+06
0.78400000E+06
0.78600000E+06
0.78800000E+06
0.79000000E+06
0.79200000E+06
0.79400000E+06
0.79600000E+06
0.79800000E+06
0.80000000E+06
0.80200000E+06
0.80400000E+06
0.80600000E+06
0.80800000E+06
0.81000000E+06
0.81200000E+06
0.81400000E+06
0.81600000E+06
0.81800000E+06
0.82000000E+06
0.82200000E+06
0.82400000E+06
0.82600000E+06
0.82800000E+06
0.83000000E+06
0.83200000E+06
0.83400000E+06
0.83600000E+06
0.83800000E+06
0.84000000E+06
0.84200000E+06
0.84400000E+06
0.84600000E+06
0.84800000E+06
0.85000000E+06
0.85200000E+06
0.85400000E+06
0.85600000E+06
0.85800000E+06
0.86000000E+06
0.86200000E+06
0.86400000E+06
0.86600000E+06
0.86800000E+06
0.87000000E+06
0.87200000E+06
0.87400000E+06
0.87600000E+06
0.87800000E+06
0.88000000E+06
0.88200000E+06
0.88400000E+06
0.88600000E+06
0.88800000E+06
0.89000000E+06
0.89200000E+06
0.89400000E+06
0.89600000E+06
0.89800000E+06
0.90000000E+06
0.90200000E+06
0.90400000E+06
0.90600000E+06
0.90800000E+06
0.91000000E+06
0.91200000E+06
0.91400000E+06
0.91600000E+06
0.91800000E+06
0.92000000E+06
0.92200000E+06
0.92400000E+06
0.92600000E+06
0.92800000E+06
0.93000000E+06
0.93200000E+06
0.93400000E+06
0.93600000E+06
0.93800000E+06
0.94000000E+06
0.94200000E+06
0.94400000E+06
0.94600000E+06
0.94800000E+06
0.95000000E+06
0.95200000E+06
0.95400000E+06
0.95600000E+06
0.95800000E+06
0.96000000E+06
0.96200000E+06
0.96400000E+06
0.96600000E+06
0.96800000E+06
0.97000000E+06
0.97200000E+06
0.97400000E+06
0.97600000E+06
0.97800000E+06
0.98000000E+06
0.98200000E+06
0.98400000E+06
0.98600000E+06
0.98800000E+06
0.99000000E+06
0.99200000E+06
0.99400000E+06
0.99600000E+06
0.99800000E+06
0.10000000E+07
0.10020000E+07
0.10040000E+07
0.10060000E+07
0.10080000E+07
0.10100000E+07
0.10120000E+07
0.10140000E+07
0.10160000E+07
0.10180000E+07
0.10200000E+07
0.10220000E+07
0.10240000E+07
0.10260000E+07
0.10280000E+07
0.10300000E+07
0.10320000E+07
0.10340000E+07
0.10360000E+07
0.10380000E+07
0.10400000E+07
0.10420000E+07
0.10440000E+07
0.10460000E+07
0.10480000E+07
0.10500000E+07
0.10520000E+07
0.10540000E+07
0.10560000E+07
0.10580000E+07
0.10600000E+07
0.10620000E+07
0.10640000E+07
0.10660000E+07
0.10680000E+07
0.10700000E+07
0.10720000E+07
0.10740000E+07
0.10760000E+07
0.10780000E+07
0.10800000E+07
0.10820000E+07
0.10840000E+07
0.10860000E+07
0.10880000E+07
0.10900000E+07
0.10920000E+07
0.10940000E+07
0.10960000E+07
0.10980000E+07
0.11000000E+07
0.11020000E+07
0.11040000E+07
0.11060000E+07
0.11080000E+07
0.11100000E+07
0.11120000E+07
0.11140000E+07
0.11160000E+07
0.11180000E+07
0.11200000E+07
0.11220000E+07
0.11240000E+07
0.11260000E+07
0.11280000E+07
0.11300000E+07
0.11320000E+07
0.11340000E+07
0.11360000E+07
0.11380000E+07
0.11400000E+07
0.11420000E+07
0.11440000E+07
0.11460000E+07
0.11480000E+07
0.11500000E+07
0.11520000E+07
0.11540000E+07
0.11560000E+07
0.11580000E+07
0.11600000E+07
0.11620000E+07
0.11640000E+07
0.11660000E+07
0.11680000E+07
0.11700000E+07
0.11720000E+07
0.11740000E+07
0.11760000E+07
0.11780000E+07
0.11800000E+07
0.11820000E+07
0.11840000E+07
0.11860000E+07
0.11880000E+07
0.11900000E+07
0.11920000E+07
0.11940000E+07
0.11960000E+07
0.11980000E+07
0.12000000E+07
0.12020000E+07
0.12040000E+07
0.12060000E+07
0.12080000E+07
0.12100000E+07
0.12120000E+07
0.12140000E+07
0.12160000E+07
0.12180000E+07
0.12200000E+07
0.12220000E+07
0.12240000E+07
0.12260000E+07
0.12280000E+07
0.12300000E+07
0.12320000E+07
0.12340000E+07
0.12360000E+07
0.12380000E+07
0.12400000E+07
0.12420000E+07
0.12440000E+07
0.12460000E+07
0.12480000E+07
0.12500000E+07
0.12520000E+07
0.12540000E+07
0.12560000E+07
0.12580000E+07
0.12600000E+07
0.12620000E+07
0.12640000E+07
0.12660000E+07
0.12680000E+07
0.12700000E+07
0.12720000E+07
0.12740000E+07
0.12760000E+07
0.12780000E+07
0.12800000E+07
0.12820000E+07
0.12840000E+07
0.12860000E+07
0.12880000E+07
0.12900000E+07
0.12920000E+07
0.12940000E+07
0.12960000E+07
0.12980000E+07
0.13000000E+07
0.13020000E+07
0.13040000E+07
0.13060000E+07
0.13080000E+07
0.13100000E+07
0.13120000E+07
0.13140000E+07
0.13160000E+07
0.13180000E+07
0.13200000E+07
0.13220000E+07
0.13240000E+07
0.13260000E+07
0.13280000E+07
0.13300000E+07
0.13320000E+07
0.13340000E+07
0.13360000E+07
0.13380000E+07
0.13400000E+07
0.13420000E+07
0.13440000E+07
0.13460000E+07
0.13480000E+07
0.13500000E+07
0.13520000E+07
0.13540000E+07
0.13560000E+07
0.13580000E+07
0.13600000E+07
0.13620000E+07
0.13640000E+07
0.13660000E+07
0.13680000E+07
0.13700000E+07
0.13720000E+07
0.13740000E+07
0.13760000E+07
0.13780000E+07
0.13800000E+07
0.13820000E+07
0.13840000E+07
0.13860000E+07
0.13880000E+07
0.13900000E+07
0.13920000E+07
0.13940000E+07
0.13960000E+07
0.13980000E+07
0.14000000E+07
0.14020000E+07
0.14040000E+07
0.14060000E+07
0.14080000E+07
0.14100000E+07
0.14120000E+07
0.14140000E+07
0.14160000E+07
0.14180000E+07
0.14200000E+07
0.14220000E+07
0.14240000E+07
0.14260000E+07
0.14280000E+07
0.14300000E+07
0.14320000E+07
0.14340000E+07
0.14360000E+07
0.14380000E+07
0.14400000E+07
0.14420000E+07
0.14440000E+07
0.14460000E+07
0.14480000E+07
0.14500000E+07
0.14520000E+07
0.14540000E+07
0.14560000E+07
0.14580000E+07
0.14600000E+07
0.14620000E+07
0.14640000E+07
0.14660000E+07
0.14680000E+07
0.14700000E+07
0.14720000E+07
0.14740000E+07
0.14760000E+07
0.14780000E+07
0.14800000E+07
0.14820000E+07
0.14840000E+07
0.14860000E+07
0.14880000E+07
0.14900000E+07
0.14920000E+07
0.14940000E+07
0.14960000E+07
0.14980000E+07
0.15000000E+07
0.15020000E+07
0.15040000E+07
0.15060000E+07
0.15080000E+07
0.15100000E+07
0.15120000E+07
0.15140000E+07
0.15160000E+07
0.15180000E+07
0.15200000E+07
0.15220000E+07
0.15240000E+07
0.15260000E+07
0.15280000E+07
0.15300000E+07
0.15320000E+07
0.15340000E+07
0.15360000E+07
0.15380000E+07
0.15400000E+07
0.15420000E+07
0.15440000E+07
0.15460000E+07
0.15480000E+07
0.15500000E+07
0.15520000E+07
0.15540000E+07
0.15560000E+07
0.15580000E+07
0.15600000E+07
0.15620000E+07
0.15640000E+07
0.15660000E+07
0.15680000E+07
0.15700000E+07
0.15720000E+07
0.15740000E+07
0.15760000E+07
0.15780000E+07
0.15800000E+07
0.15820000E+07
0.15840000E+07
0.15860000E+07
0.15880000E+07
0.15900000E+07
0.15920000E+07
0.15940000E+07
0.15960000E+07
0.15980000E+07
0.16000000E+07
0.16020000E+07
0.16040000E+07
0.16060000E+07
0.16080000E+07
0.16100000E+07
0.16120000E+07
0.16140000E+07
0.16160000E+07
0.16180000E+07
0.16200000E+07
0.16220000E+07
0.16240000E+07
0.16260000E+07
0.16280000E+07
0.16300000E+07
0.16320000E+07
0.16340000E+07
0.16360000E+07
0.16380000E+07
0.16400000E+07
0.16420000E+07
0.16440000E+07
0.16460000E+07
0.16480000E+07
0.16500000E+07
0.16520000E+07
0.16540000E+07
0.16560000E+07
0.16580000E+07
0.16600000E+07
0.16620000E+07
0.16640000E+07
0.16660000E+07
0.16680000E+07
0.16700000E+07
0.16720000E+07
0.16740000E+07
0.16760000E+07
0.16780000E+07
0.16800000E+07
0.16820000E+07
0.16840000E+07
0.16860000E+07
0.16880000E+07
0.16900000E+07
0.16920000E+07
0.16940000E+07
0.16960000E+07
0.16980000E+07
0.17000000E+07
0.17020000E+07
0.17040000E+07
0.17060000E+07
0.17080000E+07
0.17100000E+07
0.17120000E+07
0.17140000E+07
0.17160000E+07
0.17180000E+07
0.17200000E+07
0.17220000E+07
0.17240000E+07
0.17260000E+07
0.17280000E+07
0.17300000E+07
0.17320000E+07
0.17340000E+07
0.17360000E+07
0.17380000E+07
0.17400000E+07
0.17420000E+07
0.17440000E+07
0.17460000E+07
0.17480000E+07
0.17500000E+07
0.17520000E+07
0.17540000E+07
0.17560000E+07
0.17580000E+07
0.17600000E+07
0.17620000E+07
0.17640000E+07
0.17660000E+07
0.17680000E+07
0.17700000E+07
0.17720000E+07
0.17740000E+07
0.17760000E+07
0.17780000E+07
0.17800000E+07
0.17820000E+07
0.17840000E+07
0.17860000E+07
0.17880000E+07
0.17900000E+07
0.17920000E+07
0.17940000E+07
0.17960000E+07
0.17980000E+07
0.18000000E+07
0.18020000E+07
0.18040000E+07
0.18060000E+07
0.18080000E+07
0.18100000E+07
0.18120000E+07
0.18140000E+07
0.18160000E+07
0.18180000E+07
0.18200000E+07
0.18220000E+07
0.18240000E+07
0.18260000E+07
0.18280000E+07
0.18300000E+07
0.18320000E+07
0.18340000E+07
0.18360000E+07
0.18380000E+07
0.18400000E+07
0.18420000E+07
0.18440000E+07
0.18460000E+07
0.18480000E+07
0.18500000E+07
0.18520000E+07
0.18540000E+07
0.18560000E+07
0.18580000E+07
0.18600000E+07
0.18620000E+07
0.18640000E+07
0.18660000E+07
0.18680000E+07
0.18700000E+07
0.18720000E+07
0.18740000E+07
0.18760000E+07
0.18780000E+07
0.18800000E+07
0.18820000E+07
0.18840000E+07
0.18860000E+07
0.18880000E+07
0.18900000E+07
0.18920000E+07
0.18940000E+07
0.18960000E+07
0.18980000E+07
0.19000000E+07
0.19020000E+07
0.19040000E+07
0.19060000E+07
0.19080000E+07
0.19100000E+07
0.19120000E+07
0.19140000E+07
0.19160000E+07
0.19180000E+07
0.19200000E+07
0.19220000E+07
0.19240000E+07
0.19260000E+07
0.19280000E+07
0.19300000E+07
0.19320000E+07
0.19340000E+07
0.19360000E+07
0.19380000E+07
0.19400000E+07
0.19420000E+07
0.19440000E+07
0.19460000E+07
0.19480000E+07
0.19500000E+07
0.19520000E+07
0.19540000E+07
0.19560000E+07
0.19580000E+07
0.19600000E+07
0.19620000E+07
0.19640000E+07
0.19660000E+07
0.19680000E+07
0.19700000E+07
0.19720000E+07
0.19740000E+07
0.19760000E+07
0.19780000E+07
0.19800000E+07
0.19820000E+07
0.19840000E+07
0.19860000E+07
0.19880000E+07
0.19900000E+07
0.19920000E+07
0.19940000E+07
0.19960000E+07
0.19980000E+07
0.20000000E+07
0.20020000E+07
0.20040000E+07
0.20060000E+07
0.20080000E+07
0.20100000E+07
0.20120000E+07
0.20140000E+07
0.20160000E+07
0.20180000E+07
0.20200000E+07
0.20220000E+07
0.20240000E+07
0.20260000E+07
0.20280000E+07
0.20300000E+07
0.20320000E+07
0.20340000E+07
0.20360000E+07
0.20380000E+07
0.20400000E+07
0.20420000E+07
0.20440000E+07
0.20460000E+07
0.20480000E+07
0.20500000E+07
0.20520000E+07
0.20540000E+07
0.20560000E+07
0.20580000E+07
0.20600000E+07
0.20620000E+07
0.20640000E+07
0.20660000E+07
0.20680000E+07
0.20700000E+07
0.20720000E+07
0.20740000E+07
0.20760000E+07
0.20780000E+07
0.20800000E+07
0.20820000E+07
0.20840000E+07
0.20860000E+07
0.20880000E+07
0.20900000E+07
0.20920000E+07
0.20940000E+07
0.20960000E+07
0.20980000E+07
0.21000000E+07
0.21020000E+07
0.21040000E+07
0.21060000E+07
0.21080000E+07
0.21100000E+07
0.21120000E+07
0.21140000E+07
0.21160000E+07
0.21180000E+07
0.21200000E+07
0.21220000E+07
0.21240000E+07
0.21260000E+07
0.21280000E+07
0.21300000E+07
0.21320000E+07
0.21340000E+07
0.21360000E+07
0.21380000E+07
0.21400000E+07
0.21420000E+07
0.21440000E+07
0.21460000E+07
0.21480000E+07
0.21500000E+07
0.21520000E+07
0.21540000E+07
0.21560000E+07
0.21580000E+07
0.21600000E+07
0.21620000E+07
0.21640000E+07
0.21660000E+07
0.21680000E+07
0.21700000E+07
0.21720000E+07
0.21740000E+07
0.21760000E+07
0.21780000E+07
0.21800000E+07
0.21820000E+07
0.21840000E+07
0.21860000E+07
0.21880000E+07
0.21900000E+07
0.21920000E+07
0.21940000E+07
0.21960000E+07
0.21980000E+07
0.22000000E+07
0.22020000E+07
0.22040000E+07
0.22060000E+07
0.22080000E+07
0.22100000E+07
0.22120000E+07
0.22140000E+07
0.22160000E+07
0.22180000E+07
0.22200000E+07
0.22220000E+07
0.22240000E+07
0.22260000E+07
0.22280000E+07
0.22300000E+07
0.22320000E+07
0.22340000E+07
0.22360000E+07
0.22380000E+07
0.22400000E+07
0.22420000E+07
0.22440000E+07
0.22460000E+07
0.22480000E+07
0.22500000E+07
0.22520000E+07
0.22540000E+07
0.22560000E+07
0.22580000E+07
0.22600000E+07
0.22620000E+07
0.22640000E+07
0.22660000E+07
0.22680000E+07
0.22700000E+07
0.22720000E+07
0.22740000E+07
0.22760000E+07
0.22780000E+07
0.22800000E+07
0.22820000E+07
0.22840000E+07
0.22860000E+07
0.22880000E+07
0.22900000E+07
0.22920000E+07
0.22940000E+07
0.22960000E+07
0.22980000E+07
0.23000000E+07
0.23020000E+07
0.23040000E+07
0.23060000E+07
0.23080000E+07
0.23100000E+07
0.23120000E+07
0.23140000E+07
0.23160000E+07
0.23180000E+07
0.23200000E+07
0.23220000E+07
0.23240000E+07
0.23260000E+07
0.23280000E+07
0.23300000E+07
0.23320000E+07
0.23340000E+07
0.23360000E+07
0.23380000E+07
0.23400000E+07
0.23420000E+07
0.23440000E+07
0.23460000E+07
0.23480000E+07
0.23500000E+07
0.23520000E+07
0.23540000E+07
0.23560000E+07
0.23580000E+07
0.23600000E+07
0.23620000E+07
0.23640000E+07
0.23660000E+07
0.23680000E+07
0.23700000E+07
0.23720000E+07
0.23740000E+07
0.23760000E+07
0.23780000E+07
0.23800000E+07
0.23820000E+07
0.23840000E+07
0.23860000E+07
0.23880000E+07
0.23900000E+07
0.23920000E+07
0.23940000E+07
0.23960000E+07
0.23980000E+07
0.24000000E+07
0.24020000E+07
0.24040000E+07
0.24060000E+07
0.24080000E+07
0.24100000E+07
0.24120000E+07
0.24140000E+07
0.24160000E+07
0.24180000E+07
0.24200000E+07
0.24220000E+07
0.24240000E+07
0.24260000E+07
0.24280000E+07
0.24300000E+07
0.24320000E+07
0.24340000E+07
0.24360000E+07
0.24380000E+07
0.24400000E+07
0.24420000E+07
0.24440000E+07
0.24460000E+07
0.24480000E+07
0.24500000E+07
0.24520000E+07
0.24540000E+07
0.24560000E+07
0.24580000E+07
0.24600000E+07
0.24620000E+07
0.24640000E+07
0.24660000E+07
0.24680000E+07
0.24700000E+07
0.24720000E+07
0.24740000E+07
0.24760000E+07
0.24780000E+07
0.24800000E+07
0.24820000E+07
0.24840000E+07
0.24860000E+07
0.24880000E+07
0.24900000E+07
0.24920000E+07
0.24940000E+07
0.24960000E+07
0.24980000E+07
0.25000000E+07
0.25020000E+07
0.25040000E+07
0.25060000E+07
0.25080000E+07
0.25100000E+07
0.25120000E+07
0.25140000E+07
0.25160000E+07
0.25180000E+07
0.25200000E+07
0.25220000E+07
0.25240000E+07
0.25260000E+07
0.25280000E+07
0.25300000E+07
0.25320000E+07
0.25340000E+07
0.25360000E+07
0.25380000E+07
0.25400000E+07
0.25420000E+07
0.25440000E+07
0.25460000E+07
0.25480000E+07
0.25500000E+07
0.25520000E+07
0.25540000E+07
0.25560000E+07
0.25580000E+07
0.25600000E+07
0.25620000E+07
0.25640000E+07
0.25660000E+07
0.25680000E+07
0.25700000E+07
0.25720000E+07
0.25740000E+07
0.25760000E+07
0.25780000E+07
0.25800000E+07
0.25820000E+07
0.25840000E+07
0.25860000E+07
0.25880000E+07
0.25900000E+07
0.25920000E+07
0.25940000E+07
0.25960000E+07
0.25980000E+07
0.26000000E+07
0.26020000E+07
0.26040000E+07
0.26060000E+07
0.26080000E+07
0.26100000E+07
0.26120000E+07
0.26140000E+07
0.26160000E+07
0.26180000E+07
0.26200000E+07
0.26220000E+07
0.26240000E+07
0.26260000E+07
0.26280000E+07
0.26300000E+07
0.26320000E+07
0.26340000E+07
0.26360000E+07
0.26380000E+07
0.26400000E+07
0.26420000E+07
0.26440000E+07
0.26460000E+07
0.26480000E+07
0.26500000E+07
0.26520000E+07
0.26540000E+07
0.26560000E+07
0.26580000E+07
0.26600000E+07
0.26620000E+07
0.26640000E+07
0.26660000E+07
0.26680000E+07
0.26700000E+07
0.26720000E+07
0.26740000E+07
0.26760000E+07
0.26780000E+07
0.26800000E+07
0.26820000E+07
0.26840000E+07
0.26860000E+07
0.26880000E+07
0.26900000E+07
0.26920000E+07
0.26940000E+07
0.26960000E+07
0.26980000E+07
0.27000000E+07
0.27020000E+07
0.27040000E+07
0.27060000E+07
0.27080000E+07
0.27100000E+07
0.27120000E+07
0.27140000E+07
0.27160000E+07
0.27180000E+07
0.27200000E+07
0.27220000E+07
0.27240000E+07
0.27260000E+07
0.27280000E+07
0.27300000E+07
0.27320000E+07
0.27340000E+07
0.27360000E+07
0.27380000E+07
0.27400000E+07
0.27420000E+07
0.27440000E+07
0.27460000E+07
0.27480000E+07
0.27500000E+07
0.27520000E+07
0.27540000E+07
0.27560000E+07
0.27580000E+07
0.27600000E+07
0.27620000E+07
0.27640000E+07
0.27660000E+07
0.27680000E+07
0.27700000E+07
0.27720000E+07
0.27740000E+07
0.27760000E+07
0.27780000E+07
0.27800000E+07
0.27820000E+07
0.27840000E+07
0.27860000E+07
0.27880000E+07
0.27900000E+07
0.27920000E+07
0.27940000E+07
0.27960000E+07
0.27980000E+07
0.28000000E+07
0.28020000E+07
0.28040000E+07
0.28060000E+07
0.28080000E+07
0.28100000E+07
0.28120000E+07
0.28140000E+07
0.28160000E+07
0.28180000E+07
0.28200000E+07
0.28220000E+07
0.28240000E+07
0.28260000E+07
0.28280000E+07
0.28300000E+07
0.28320000E+07
0.28340000E+07
0.28360000E+07
0.28380000E+07
0.28400000E+07
0.28420000E+07
0.28440000E+07
0.28460000E+07
0.28480000E+07
0.28500000E+07
0.28520000E+07
0.28540000E+07
0.28560000E+07
0.28580000E+07
0.28600000E+07
0.28620000E+07
0.28640000E+07
0.28660000E+07
0.28680000E+07
0.28700000E+07
0.28720000E+07
0.28740000E+07
0.28760000E+07
0.28780000E+07
0.28800000E+07
0.28820000E+07
0.28840000E+07
0.28860000E+07
0.28880000E+07
0.28900000E+07
0.28920000E+07
0.28940000E+07
0.28960000E+07
0.28980000E+07
0.29000000E+07
0.29020000E+07
0.29040000E+07
0.29060000E+07
0.29080000E+07
0.29100000E+07
0.29120000E+07
0.29140000E+07
0.29160000E+07
0.29180000E+07
0.29200000E+07
0.29220000E+07
0.29240000E+07
0.29260000E+07
0.29280000E+07
0.29300000E+07
0.29320000E+07
0.29340000E+07
0.29360000E+07
0.29380000E+07
0.29400000E+07
0.29420000E+07
0.29440000E+07
0.29460000E+07
0.29480000E+07
0.29500000E+07
0.29520000E+07
0.29540000E+07
0.29560000E+07
0.29580000E+07
0.29600000E+07
0.29620000E+07
0.29640000E+07
0.29660000E+07
0.29680000E+07
0.29700000E+07
0.29720000E+07
0.29740000E+07
0.29760000E+07
0.29780000E+07
0.29800000E+07
0.29820000E+07
0.29840000E+07
0.29860000E+07
0.29880000E+07
0.29900000E+07
0.29920000E+07
0.29940000E+07
0.29960000E+07
0.29980000E+07
0.30000000E+07
0.30020000E+07
0.30040000E+07
0.30060000E+07
0.30080000E+07
0.30100000E+07
0.30120000E+07
0.30140000E+07
0.30160000E+07
0.30180000E+07
0.30200000E+07
0.30220000E+07
0.30240000E+07
0.30260000E+07
0.30280000E+07
0.30300000E+07
0.30320000E+07
0.30340000E+07
0.30360000E+07
0.30380000E+07
0.30400000E+07
0.30420000E+07
0.30440000E+07
0.30460000E+07
0.30480000E+07
0.30500000E+07
0.30520000E+07
0.30540000E+07
0.30560000E+07
0.30580000E+07
0.30600000E+07
0.30620000E+07
0.30640000E+07
0.30660000E+07
0.30680000E+07
0.30700000E+07
0.30720000E+07
0.30740000E+07
0.30760000E+07
0.30780000E+07
0.30800000E+07
0.30820000E+07
0.30840000E+07
0.30860000E+07
0.30880000E+07
0.30900000E+07
0.30920000E+07
0.30940000E+07
0.30960000E+07
0.30980000E+07
0.31000000E+07
0.31020000E+07
0.31040000E+07
0.31060000E+07
0.31080000E+07
0.31100000E+07
0.31120000E+07
0.31140000E+07
0.31160000E+07
0.31180000E+07
0.31200000E+07
0.31220000E+07
0.31240000E+07
0.31260000E+07
0.31280000E+07
0.31300000E+07
0.31320000E+07
0.31340000E+07
0.31360000E+07
0.31380000E+07
0.31400000E+07
0.31420000E+07
0.31440000E+07
0.31460000E+07
0.31480000E+07
0.31500000E+07
0.31520000E+07
0.31540000E+07
0.31560000E+07
0.31580000E+07
0.31600000E+07
0.31620000E+07
0.31640000E+07
0.31660000E+07
0.31680000E+07
0.31700000E+07
0.31720000E+07
0.31740000E+07
0.31760000E+07
0.31780000E+07
0.31800000E+07
0.31820000E+07
0.31840000E+07
0.31860000E+07
0.31880000E+07
0.31900000E+07
0.31920000E+07
0.31940000E+07
0.31960000E+07
0.31980000E+07
0.32000000E+07
0.32020000E+07
0.32040000E+07
0.32060000E+07
0.32080000E+07
0.32100000E+07
0.32120000E+07
0.32140000E+07
0.32160000E+07
0.32180000E+07
0.32200000E+07
0.32220000E+07
0.32240000E+07
0.32260000E+07
0.32280000E+07
0.32300000E+07
0.32320000E+07
0.32340000E+07
0.32360000E+07
0.32380000E+07
0.32400000E+07
0.32420000E+07
0.32440000E+07
0.32460000E+07
0.32480000E+07
0.32500000E+07
0.32520000E+07
0.32540000E+07
0.32560000E+07
0.32580000E+07
0.32600000E+07
0.32620000E+07
0.32640000E+07
0.32660000E+07
0.32680000E+07
0.32700000E+07
0.32720000E+07
0.32740000E+07
0.32760000E+07
0.32780000E+07
0.32800000E+07
0.32820000E+07
0.32840000E+07
0.32860000E+07
0.32880000E+07
0.32900000E+07
0.32920000E+07
0.32940000E+07
0.32960000E+07
0.32980000E+07
0.33000000E+07
0.33020000E+07
0.33040000E+07
0.33060000E+07
0.33080000E+07
0.33100000E+07
0.33120000E+07
0.33140000E+07
0.33160000E+07
0.33180000E+07
0.33200000E+07
0.33220000E+07
0.33240000E+07
0.33260000E+07
0.33280000E+07
0.33300000E+07
0.33320000E+07
0.33340000E+07
0.33360000E+07
0.33380000E+07
0.33400000E+07
0.33420000E+07
0.33440000E+07
0.33460000E+07
0.33480000E+07
0.33500000E+07
0.33520000E+07
0.33540000E+07
0.33560000E+07
0.33580000E+07
0.33600000E+07
0.33620000E+07
0.33640000E+07
0.33660000E+07
0.33680000E+07
0.33700000E+07
0.33720000E+07
0.33740000E+07
0.33760000E+07
0.33780000E+07
0.33800000E+07
0.33820000E+07
0.33840000E+07
0.33860000E+07
0.33880000E+07
0.33900000E+07
0.33920000E+07
0.33940000E+07
0.33960000E+07
0.33980000E+07
0.34000000E+07
0.34020000E+07
0.34040000E+07
0.34060000E+07
0.34080000E+07
0.34100000E+07
0.34120000E+07
0.34140000E+07
0.34160000E+07
0.34180000E+07
0.34200000E+07
0.34220000E+07
0.34240000E+07
0.34260000E+07
0.34280000E+07
0.34300000E+07
0.34320000E+07
0.34340000E+07
0.34360000E+07
0.34380000E+07
0.34400000E+07
0.34420000E+07
0.34440000E+07
0.34460000E+07
0.34480000E+07
0.34500000E+07
0.34520000E+07
0.34540000E+07
0.34560000E+07
0.34580000E+07
0.34600000E+07
0.34620000E+07
0.34640000E+07
0.34660000E+07
0.34680000E+07
0.34700000E+07
0.34720000E+07
0.34740000E+07
0.34760000E+07
0.34780000E+07
0.34800000E+07
0.34820000E+07
0.34840000E+07
0.34860000E+07
0.34880000E+07
0.34900000E+07
0.34920000E+07
0.34940000E+07
0.34960000E+07
0.34980000E+07
0.35000000E+07
0.35020000E+07
0.35040000E+07
0.35060000E+07
0.35080000E+07
0.35100000E+07
0.35120000E+07
0.35140000E+07
0.35160000E+07
0.35180000E+07
0.35200000E+07
0.35220000E+07
0.35240000E+07
0.35260000E+07
0.35280000E+07
0.35300000E+07
0.35320000E+07
0.35340000E+07
0.35360000E+07
0.35380000E+07
0.35400000E+07
0.35420000E+07
0.35440000E+07
0.35460000E+07
0.35480000E+07
0.35500000E+07
0.35520000E+07
0.35540000E+07
0.35560000E+07
0.35580000E+07
0.35600000E+07
0.35620000E+07
0.35640000E+07
0.35660000E+07
0.35680000E+07
0.35700000E+07
0.35720000E+07
0.35740000E+07
0.35760000E+07
0.35780000E+07
0.35800000E+07
0.35820000E+07
0.35840000E+07
0.35860000E+07
0.35880000E+07
0.35900000E+07
0.35920000E+07
0.35940000E+07
0.35960000E+07
0.35980000E+07
0.36000000E+07
0.36020000E+07
0.36040000E+07
0.36060000E+07
0.36080000E+07
0.36100000E+07
0.36120000E+07
0.36140000E+07
0.36160000E+07
0.36180000E+07
0.36200000E+07
0.36220000E+07
0.36240000E+07
0.36260000E+07
0.36280000E+07
0.36300000E+07
0.36320000E+07
0.36340000E+07
0.36360000E+07
0.36380000E+07
0.36400000E+07
0.36420000E+07
0.36440000E+07
0.36460000E+07
0.36480000E+07
0.36500000E+07
0.36520000E+07
0.36540000E+07
0.36560000E+07
0.36580000E+07
0.36600000E+07
0.36620000E+07
0.36640000E+07
0.36660000E+07
0.36680000E+07
0.36700000E+07
0.36720000E+07
0.36740000E+07
0.36760000E+07
0.36780000E+07
0.36800000E+07
0.36820000E+07
0.36840000E+07
0.36860000E+07
0.36880000E+07
0.36900000E+07
0.36920000E+07
0.36940000E+07
0.36960000E+07
0.36980000E+07
0.37000000E+07
0.37020000E+07
0.37040000E+07
0.37060000E+07
0.37080000E+07
0.37100000E+07
0.37120000E+07
0.37140000E+07
0.37160000E+07
0.37180000E+07
0.37200000E+07
0.37220000E+07
0.37240000E+07
0.37260000E+07
0.37280000E+07
0.37300000E+07
0.37320000E+07
0.37340000E+07
0.37360000E+07
0.37380000E+07
0.37400000E+07
0.37420000E+07
0.37440000E+07
0.37460000E+07
0.37480000E+07
0.37500000E+07
0.37520000E+07
0.37540000E+07
0.37560000E+07
0.37580000E+07
0.37600000E+07
0.37620000E+07
0.37640000E+07
0.37660000E+07
0.37680000E+07
0.37700000E+07
0.37720000E+07
0.37740000E+07
0.37760000E+07
0.37780000E+07
0.37800000E+07
0.37820000E+07
0.37840000E+07
0.37860000E+07
0.37880000E+07
0.37900000E+07
0.37920000E+07
0.37940000E+07
0.37960000E+07
0.37980000E+07
0.38000000E+07
0.38020000E+07
0.38040000E+07
0.38060000E+07
0.38080000E+07
0.38100000E+07
0.38120000E+07
0.38140000E+07
0.38160000E+07
0.38180000E+07
0.38200000E+07
0.38220000E+07
0.38240000E+07
0.38260000E+07
0.38280000E+07
0.38300000E+07
0.38320000E+07
0.38340000E+07
0.38360000E+07
0.38380000E+07
0.38400000E+07
0.38420000E+07
0.38440000E+07
0.38460000E+07
0.38480000E+07
0.38500000E+07
0.38520000E+07
0.38540000E+07
0.38560000E+07
0.38580000E+07
0.38600000E+07
0.38620000E+07
0.38640000E+07
0.38660000E+07
0.38680000E+07
0.38700000E+07
0.38720000E+07
0.38740000E+07
0.38760000E+07
0.38780000E+07
0.38800000E+07
0.38820000E+07
0.38840000E+07
0.38860000E+07
0.38880000E+07
0.38900000E+07
0.38920000E+07
0.38940000E+07
0.38960000E+07
0.38980000E+07
0.39000000E+07
0.39020000E+07
0.39040000E+07
0.39060000E+07
0.39080000E+07
0.39100000E+07
0.39120000E+07
0.39140000E+07
0.39160000E+07
0.39180000E+07
0.39200000E+07
0.39220000E+07
0.39240000E+07
0.39260000E+07
0.39280000E+07
0.39300000E+07
0.39320000E+07
0.39340000E+07
0.39360000E+07
0.39380000E+07
0.39400000E+07
0.39420000E+07
0.39440000E+07
0.39460000E+07
0.39480000E+07
0.39500000E+07
0.39520000E+07
0.39540000E+07
0.39560000E+07
0.39580000E+07
0.39600000E+07
0.39620000E+07
0.39640000E+07
0.39660000E+07
0.39680000E+07
0.39700000E+07
0.39720000E+07
0.39740000E+07
0.39760000E+07
0.39780000E+07
0.39800000E+07
0.39820000E+07
0.39840000E+07
0.39860000E+07
0.39880000E+07
0.39900000E+07
0.39920000E+07
0.39940000E+07
0.39960000E+07
0.39980000E+07
0.40000000E+07
